145.0
1.0
453.0
1.0
1.0
0.0
0.0
0.0
0.0
2.0
1.0
0.0
0.0
0.0
0.0
3.0
1.0
0.0
0.0
0.0
0.0
4.0
1.0
0.0
0.0
0.0
0.0
5.0
1.0
0.0
0.0
0.0
0.0
6.0
1.0
0.0
0.0
0.0
0.0
7.0
1.0
0.0
0.0
0.0
0.0
8.0
1.0
0.0
0.0
0.0
0.0
9.0
1.0
0.0
0.0
0.0
0.0
10.0
1.0
0.0
0.0
0.0
0.0
11.0
1.0
0.0
0.0
0.0
0.0
12.0
1.0
0.0
0.0
0.0
0.0
13.0
1.0
0.0
0.0
0.0
0.0
14.0
1.0
0.0
0.0
0.0
0.0
15.0
1.0
0.0
0.0
0.0
0.0
16.0
1.0
0.0
0.0
0.0
0.0
17.0
1.0
0.0
0.0
0.0
0.0
18.0
1.0
0.0
0.0
0.0
0.0
19.0
1.0
0.0
0.0
0.0
0.0
20.0
1.0
0.0
0.0
0.0
0.0
21.0
1.0
0.0
0.0
0.0
0.0
22.0
1.0
0.0
0.0
0.0
0.0
23.0
1.0
0.0
0.0
0.0
0.0
24.0
1.0
0.0
0.0
0.0
0.0
25.0
1.0
0.0
0.0
0.0
0.0
26.0
1.0
0.0
0.0
0.0
0.0
27.0
1.0
0.0
0.0
0.0
0.0
28.0
1.0
0.0
0.0
0.0
0.0
29.0
1.0
0.0
0.0
0.0
0.0
30.0
1.0
0.0
0.0
0.0
0.0
31.0
1.0
0.0
0.0
0.0
0.0
32.0
1.0
0.0
0.0
0.0
0.0
33.0
1.0
0.0
0.0
0.0
0.0
34.0
1.0
45.05
46.56
0.0
0.0
35.0
1.0
49.19
27.53
0.0
0.0
36.0
1.0
0.0
0.0
0.0
0.0
37.0
1.0
0.0
0.0
0.0
0.0
38.0
1.0
0.0
0.0
0.0
0.0
39.0
1.0
0.0
0.0
0.0
0.0
40.0
1.0
0.0
0.0
0.0
0.0
41.0
1.0
0.0
0.0
0.0
0.0
42.0
1.0
0.0
0.0
0.0
0.0
43.0
1.0
0.0
0.0
0.0
0.0
44.0
1.0
0.0
0.0
0.0
0.0
45.0
1.0
0.0
0.0
0.0
0.0
46.0
1.0
0.0
0.0
0.0
0.0
47.0
1.0
0.0
0.0
0.0
0.0
48.0
1.0
0.0
0.0
0.0
0.0
49.0
1.0
0.0
0.0
0.0
0.0
50.0
1.0
0.0
0.0
0.0
0.0
51.0
1.0
58.45
28.44
0.0
0.0
52.0
1.0
0.0
0.0
0.0
0.0
53.0
1.0
0.0
0.0
0.0
0.0
54.0
1.0
0.0
0.0
0.0
0.0
55.0
1.0
0.0
0.0
0.0
0.0
56.0
1.0
0.0
0.0
0.0
0.0
57.0
1.0
0.0
0.0
0.0
0.0
58.0
1.0
76.3
-10.8
0.0
0.0
59.0
1.0
0.0
0.0
0.0
0.0
60.0
2.0
0.0
0.0
120.80000000000001
-0.4291757171251744
61.0
1.0
0.0
0.0
0.0
0.0
62.0
1.0
0.0
0.0
0.0
0.0
63.0
1.0
0.0
0.0
0.0
0.0
64.0
1.0
0.0
0.0
0.0
0.0
65.0
1.0
0.0
0.0
0.0
0.0
66.0
1.0
102.2
26.7
0.0
0.0
67.0
2.0
0.0
0.0
1268.8000000000002
1585.9850709420045
68.0
1.0
0.0
-7.41
0.0
0.0
69.0
1.0
0.0
0.0
0.0
0.0
70.0
1.0
0.0
56.63
0.0
0.0
71.0
1.0
0.0
-21.2
0.0
0.0
72.0
1.0
0.0
0.0
0.0
0.0
73.0
1.0
0.0
0.0
0.0
0.0
74.0
1.0
81.9
43.7
0.0
0.0
75.0
1.0
0.0
0.0
0.0
0.0
76.0
1.0
0.0
0.0
0.0
0.0
77.0
1.0
0.0
0.0
0.0
0.0
78.0
1.0
89.0
26.8
0.0
0.0
79.0
2.0
9.1
3.0
280.16
350.1302091884027
80.0
2.0
17.1
5.0
117.60000000000001
147.4657289696695
81.0
1.0
82.2
-93.1
0.0
0.0
82.0
2.0
2.1
1.1
136.0
108.91023325694316
83.0
1.0
0.0
0.0
0.0
0.0
84.0
1.0
24.3
8.2
0.0
0.0
85.0
1.0
27.4
0.3
0.0
0.0
86.0
1.0
0.0
0.0
0.0
0.0
87.0
1.0
0.0
0.0
0.0
0.0
88.0
1.0
69.0
20.9
0.0
0.0
89.0
2.0
0.6
0.2
618.4000000000001
0.19274352911935388
90.0
2.0
4.6
1.5
97.60000000000001
42.257957129936976
91.0
2.0
0.0
0.0
131.20000000000002
86.7864656601028
92.0
1.0
0.0
31.02
0.0
0.0
93.0
2.0
100.4
73.2
640.0
0.3258815229335683
94.0
2.0
15.4
7.6
320.0
107.29396037368475
95.0
2.0
6.7
2.2
184.8
230.99924222842932
96.0
2.0
0.0
0.0
128.0
107.93977898402164
97.0
2.0
0.0
0.0
192.0
174.90510961488158
98.0
2.0
0.0
0.0
420.8
117.43990762302619
99.0
2.0
10.46
5.23
240.0
1.8520077797281733
100.0
2.0
0.0
0.0
216.0
78.46679605220315
101.0
2.0
17.8
4.5
328.72
140.9241374142081
102.0
2.0
37.6
9.2
1712.0
2139.978472685166
103.0
2.0
0.0
0.0
188.0
6.938083097341462
104.0
2.0
30.2
7.6
1680.0
414.2579200626228
105.0
2.0
96.0
167.4
1376.0
676.1691627915753
106.0
2.0
64.0
16.0
944.0
0.3573566561653526
107.0
1.0
-17.5
-12.8
0.0
0.0
108.0
2.0
0.0
0.0
720.0
465.29841214169716
109.0
2.0
0.0
0.0
121.60000000000001
74.16905171868092
110.0
2.0
100.4
73.2
640.0
0.8402621341482197
111.0
2.0
60.4
1166.0
1680.0
238.89587630968822
112.0
2.0
18.6
4.6
320.0
138.85936817702236
113.0
1.0
0.0
0.0
0.0
0.0
114.0
1.0
0.0
0.0
0.0
0.0
115.0
2.0
683.5
184.7
2074.4
2592.977340045594
116.0
2.0
792.6
315.5
2250.4
2812.9836429773954
117.0
2.0
485.3
71.4
2181.6
2726.988879210617
118.0
2.0
651.9
328.4
3456.0
4319.989886610791
119.0
2.0
2094.0
3774.0
7243.200000000001
9053.961651409616
120.0
1.0
-408.0
175.1
0.0
0.0
121.0
2.0
237.7
-17.3
2477.6000000000004
3096.9306318483914
122.0
2.0
29.2
7.0
887.2
1108.9722299271343
123.0
1.0
-84.0
-19.0
0.0
0.0
124.0
2.0
94.1
780.3
2484.0
3104.984028613714
125.0
1.0
-712.0
-319.0
0.0
0.0
126.0
1.0
-333.0
-160.0
0.0
0.0
127.0
1.0
-546.0
-72.0
0.0
0.0
128.0
2.0
4075.0
703.5
10450.400000000001
13062.962033102494
129.0
1.0
-482.0
-122.0
0.0
0.0
130.0
2.0
4328.0
944.3
4829.6
6036.962534034488
131.0
2.0
21840.0
4320.0
22720.0
28399.975618519948
132.0
2.0
491.9
110.2
2556.0
3194.968046605955
133.0
1.0
-83.0
-36.3
0.0
0.0
134.0
2.0
22309.0
7402.0
16580.8
14091.951323980638
135.0
2.0
4298.0
1264.0
4865.6
6081.998787686214
136.0
2.0
52951.0
13552.0
41640.0
52049.99707110437
137.0
2.0
12946.0
2608.0
9734.4
12166.685873244305
138.0
1.0
-363.0
-188.0
0.0
0.0
139.0
2.0
57718.0
13936.0
45547.200000000004
46991.35126260973
140.0
2.0
24775.0
6676.0
18578.4
20627.320412298028
141.0
2.0
32799.0
11361.0
30408.800000000003
38010.98153215822
142.0
2.0
17737.0
3934.0
19639.2
24548.971425959622
143.0
2.0
4672.0
1709.0
4283.2
5353.967533655729
144.0
2.0
9602.0
2203.0
9197.6
11496.95766402445
145.0
3.0
9173.0
1555.0
11374.896
14218.613543527277
1.0
2.0
-0.43120736180889574
0.4312291953425199
1.0
2.0
-0.43120736180889574
0.4312291953425199
1.0
3.0
-0.024866975898625583
0.024837649856341862
1.0
4.0
-0.024866975898624973
0.02483764985634125
1.0
5.0
-0.025105912607057485
0.025074781086997427
1.0
6.0
-0.8728490140300638
0.88976639316169
1.0
33.0
0.5675560231550048
-0.5618671307413288
1.0
93.0
0.696147713140606
-0.6937798006070697
1.0
93.0
0.696147713140606
-0.6937798006070697
2.0
6.0
-0.858552345859099
0.8751041225637656
2.0
113.0
-2.220446049250313E-15
2.220446049250313E-15
2.0
114.0
0.0849266790074572
-0.07699758311142735
3.0
33.0
-0.04915698661756163
0.04969983669317013
4.0
33.0
-0.04915698661755663
0.049699836693165134
5.0
33.0
-0.04972730486277732
0.050272300013119886
6.0
7.0
-10.732220481286266
10.88888837380045
6.0
9.0
-1.9159541475422301
1.9183906459993079
6.0
10.0
-1.92909534553511
1.931556039498568
6.0
12.0
6.456332146707469
-6.4471627030065175
6.0
12.0
6.456332146707469
-6.4471627030065175
7.0
8.0
0.5406405826729135
-0.5439492244665741
7.0
66.0
-7.74161883892312
7.750882639176446
7.0
104.0
-1.773645254968038
1.7802396541514895
7.0
104.0
-1.916998910219407
1.9259521479233166
8.0
66.0
0.2322001856974712
-0.23218911553829
8.0
66.0
0.3139856098869798
-0.3139653472688695
9.0
11.0
0.13203517459112346
-0.13248454607009916
9.0
69.0
-1.9639201067647027
1.9661338954311194
10.0
32.0
0.133193165020856
-0.13375472709318936
10.0
69.0
-1.973186224916497
1.9754227544924787
11.0
69.0
0.12429956029571504
-0.12428575085241421
12.0
13.0
-0.09477937726380263
0.09396369312950718
12.0
13.0
-0.09245564541060539
0.0916222685804737
12.0
13.0
-0.09245564541060539
0.0916222685804737
12.0
14.0
2.6593389797548497
-2.6516357075622583
12.0
14.0
2.6593389797548497
-2.6516357075622583
12.0
25.0
1.3479927962018792
-1.3469316778315812
12.0
25.0
1.3479927962018792
-1.3469316778315812
12.0
72.0
1.5448949447286897
-1.5418450750131523
12.0
72.0
1.536988571560345
-1.5339707132719367
12.0
72.0
1.536988571560345
-1.5339707132719367
13.0
72.0
-0.12292749886303968
0.12293277566896815
13.0
72.0
-0.1223975523438568
0.12240534661041447
13.0
72.0
-0.12292749886303968
0.12293277566896815
14.0
15.0
0.004610593608608927
-0.004791430952562646
14.0
16.0
0.0037837276829737754
-0.004039344322544644
14.0
17.0
2.617316314885639
-2.592669507658605
14.0
17.0
2.61722704547923
-2.591651993271052
14.0
58.0
-0.05853253322081109
0.06668207923528158
15.0
58.0
-0.01786094504822683
0.01824683496872681
16.0
58.0
-0.027744744400727495
0.02825711451764157
17.0
18.0
3.3568106584455637E-4
-0.0013700811687310799
17.0
19.0
-0.02112547889371555
0.021125478893715556
17.0
20.0
-0.02140644761786313
0.021406447617863124
17.0
21.0
-0.09812667680763629
0.09366742023771135
17.0
22.0
2.651383215888654
-2.6303022772131133
17.0
59.0
2.202513436231343
-2.1757795861397238
18.0
59.0
-0.02579510493684911
0.026148590102430536
19.0
59.0
-0.024621345912208326
0.02462134591220838
20.0
59.0
-0.024948034296965446
0.024948034296965446
21.0
59.0
-0.16935247685683913
0.1693644264908328
22.0
23.0
-0.15269932222716365
0.15269932222716362
22.0
24.0
0.3101120638376357
-0.30956239708684025
22.0
30.0
-0.09043860208582116
0.09043860208582116
22.0
78.0
0.9214746934394693
-0.9214746934394693
22.0
83.0
1.5264371002076653
-1.5264371002076653
23.0
83.0
-0.08209141209798838
0.08209382320370452
23.0
83.0
-0.0818080254456876
0.08180982171498133
24.0
76.0
0.3809428416863303
-0.380591899134699
24.0
77.0
-0.09804898513624133
0.09681134813959977
25.0
26.0
-0.401779331317749
0.3998319250951574
25.0
27.0
-1.734109128007468
1.7446248689095059
25.0
27.0
-1.734109128007468
1.7446248689095059
25.0
31.0
-0.4902279059067499
0.48631006390728276
25.0
73.0
2.6183798062380754
-2.612689855199492
25.0
74.0
3.8239036361131546
-3.8103237307459326
26.0
73.0
-0.4703002804331178
0.47037871391143543
27.0
28.0
0.045145082391625874
-0.04541063243612817
27.0
29.0
0.13698389075419043
-0.13732926224203973
27.0
75.0
-3.4235636038714645
3.4287974491312356
28.0
75.0
0.031553645155129095
-0.031218777133695474
29.0
75.0
0.12949732506374795
-0.12903307580498063
30.0
78.0
-0.09490405827536708
0.09490405827536708
31.0
74.0
-0.5613235437059219
0.5614102687317704
32.0
69.0
0.12051288575100827
-0.12049889817872314
33.0
34.0
0.5585760762320235
-0.5585382619644894
33.0
35.0
0.4814593110982359
-0.4814435182890263
33.0
37.0
0.39707517226621414
-0.39526231425222735
33.0
38.0
0.3511889480082527
-0.3500475115636273
33.0
39.0
-0.7687236154724059
0.7769612951453603
33.0
40.0
-0.7663189655752873
0.7745194195855065
33.0
49.0
-0.3314087568122641
0.33350386338769
33.0
50.0
-0.31971703614598257
0.3217991299255338
33.0
110.0
0.7916047191420486
-0.7761316089768495
33.0
110.0
0.791982365151215
-0.7769630060631174
34.0
36.0
0.11654066817203226
-0.1165299555162029
36.0
99.0
0.18127507678133647
-0.17467945309462096
37.0
87.0
0.09554920829516894
-0.0939468724830454
37.0
88.0
0.32765809724615585
-0.3273380960359322
38.0
88.0
0.3498971167451682
-0.34950060363077284
39.0
43.0
-0.9028161381186957
0.9104000314496183
39.0
84.0
0.11912012256443895
-0.11901171352003893
40.0
44.0
-0.9008245846308991
0.9083984121604757
40.0
84.0
0.11956695710475804
-0.11945645919060258
41.0
42.0
0.001577888896441031
-0.0015778876539960214
41.0
43.0
-0.5409448217961813
0.5409478000005008
42.0
44.0
-0.5457477149605293
0.5457507439712385
43.0
46.0
-1.455172991469378
1.4707545857434572
44.0
45.0
-1.4579684793123076
1.4736029327640914
45.0
61.0
-1.6099167738160856
1.6234862133944576
45.0
85.0
0.1331076516453401
-0.1331076516453401
46.0
61.0
-1.6077910640510482
1.6213290401416023
46.0
85.0
0.1338282479379992
-0.1338282479379992
47.0
48.0
-0.002333839900576534
0.002333774328332137
47.0
50.0
-0.29642771280189545
0.2964285301544701
47.0
87.0
0.13299549889525264
-0.13073823083199348
48.0
49.0
-0.2780914351029521
0.2780921509314509
48.0
87.0
0.12517750781171816
-0.12286847350455496
49.0
51.0
-0.6154515180113017
0.6217425419924164
50.0
51.0
-0.6220766806438548
0.6284108056711563
51.0
52.0
-2.2869798848351
2.305586050134865
51.0
53.0
-2.28606472374814
2.3046580206976675
51.0
56.0
1.3685572578743592
-1.3523537150414455
51.0
57.0
1.3690055753942159
-1.3527850872178437
52.0
53.0
6.501678379865515E-5
-6.50168127949857E-5
52.0
54.0
-2.5316135344011053
2.5669726132360164
53.0
55.0
-2.532474219957135
2.56785401841371
54.0
55.0
9.139329522962067E-7
-9.139359567201262E-7
54.0
61.0
-2.747697400715624
2.7596640801563166
55.0
61.0
-2.7476461561321757
2.759613878817781
56.0
57.0
7.039567316477312E-5
-7.039582497725028E-5
56.0
58.0
1.1557412967183223
-1.1525311267566842
57.0
58.0
1.1542064059136123
-1.151012362313474
58.0
59.0
0.049984707504977674
-0.047857452987286664
58.0
72.0
0.02212958020462586
-0.02202034224518388
58.0
87.0
0.05042514038556814
-0.04963884660571115
58.0
98.0
0.15861108191520532
-0.15756590127340253
58.0
100.0
0.06240993782423238
-0.06197020643379062
58.0
103.0
0.03152002352745519
-0.030467460195393183
59.0
60.0
-0.1091206823281128
0.1069608587953071
59.0
72.0
-0.03257884241318508
0.0340693424273526
59.0
79.0
-1.7008060155242184
1.7292700493734314
59.0
80.0
-0.22544842799292117
0.24007110242131932
59.0
89.0
0.02652021614690453
-0.026280587674238357
59.0
92.0
-0.47834087408166254
0.47622132248925764
59.0
94.0
-0.09676155295106231
0.10605048702706649
59.0
98.0
-0.1708083333853829
0.173615815933176
59.0
100.0
-0.22262670949574587
0.22411904142673733
59.0
103.0
0.1978425635311793
-0.1894416390357688
59.0
107.0
-0.1544067869296591
0.15563490571459085
60.0
135.0
-0.12479573992559542
0.08642514436622871
60.0
79.0
0.19015237052471712
-0.19149406190709756
60.0
80.0
0.05002077436721772
-0.049824756292075625
60.0
90.0
0.03328880335196805
-0.03332023168161936
60.0
92.0
0.0851285102709489
-0.08753839495579796
60.0
94.0
-0.6652859362124818
0.6673133309356151
60.0
95.0
-0.9216774196669771
0.8203940543481614
60.0
138.0
-0.5765055633892832
0.4461578344101401
61.0
62.0
-0.17458404424757668
0.1723948052193474
61.0
62.0
-0.08005342850587095
0.07938923970126024
61.0
63.0
-4.570216053640052
4.776842357268871
61.0
63.0
-4.570216053640052
4.776842357268871
61.0
64.0
-1.0176450178910847
1.020625918239778
61.0
65.0
-1.0176188665264192
1.0206016114904035
61.0
86.0
1.078734478954627
-1.0740771405860896
61.0
86.0
0.9185937819303925
-0.9156883699644922
61.0
86.0
0.9185937819303925
-0.9156883699644922
62.0
86.0
-0.132863468689337
0.13293830226453862
62.0
86.0
-0.07979318185730878
0.07980288822840996
63.0
64.0
1.2049592030067973
-1.1809925017889757
63.0
65.0
1.2100628554193813
-1.1858932824924127
63.0
66.0
4.161639630823956
-4.0536312545019
63.0
67.0
-0.6376045113631709
0.6527425572372122
63.0
69.0
3.3629079905573906
-3.225110068641724
63.0
102.0
-3.3832728670643473
3.5362376892714424
63.0
102.0
-3.39786619701969
3.5521867285834805
63.0
102.0
-3.339340703106222
3.489737025262161
63.0
102.0
-3.4725091043733025
3.63066450688922
63.0
116.0
-0.07958837254074874
0.07655716273821156
63.0
117.0
-8.996565580646294
9.294797222336259
63.0
118.0
-2.165515869905846
2.0938407322584407
63.0
124.0
-0.1667057199715852
0.16278921356721435
64.0
65.0
-1.600921551987963E-5
1.6009272747311575E-5
64.0
66.0
0.27820250329966467
-0.2759574527221732
64.0
67.0
-2.3948520371286723
2.550857038632094
64.0
69.0
1.6543985195606745
-1.6321177269008635
64.0
97.0
-0.05859758702390084
0.05683752345667054
64.0
124.0
-0.42814368912284434
0.4058752286006505
65.0
66.0
0.2789094137834359
-0.27664836233828083
65.0
67.0
-2.4045324549126588
2.5618492805546014
65.0
69.0
1.6612217595767196
-1.6387533228228974
65.0
97.0
-0.058832016606947146
0.05707543822181639
65.0
124.0
-0.42985698586961985
0.40759902050156255
66.0
67.0
-8.034446950743229
8.631516291936
66.0
68.0
0.08746231591562324
-0.1327530451164576
66.0
69.0
4.949222627015201
-4.881217714961824
66.0
97.0
-0.19980389913215704
0.19465249393169654
66.0
111.0
-0.36014644572819793
0.36014644572819793
66.0
111.0
-0.285643717274381
0.29194438561777847
66.0
111.0
-0.34827348597891655
0.34827348597891655
66.0
111.0
-0.2872589109630204
0.293655360936624
66.0
124.0
-1.4450981564713585
1.378923332686809
67.0
68.0
0.07210108554712372
-0.21711817362855784
67.0
69.0
13.331399541471063
-12.190169543666464
67.0
97.0
-0.010793557380991747
0.015509413154734586
67.0
119.0
-0.025497491044268687
0.025321405777133637
67.0
120.0
-0.10579778341598428
0.10575779193483376
67.0
121.0
-0.2634238672256234
0.26407345178834585
67.0
122.0
-1.0492826562502753
1.043250942448038
67.0
124.0
-28.778206404327324
29.04808592860354
67.0
125.0
-0.5990890063330763
0.601815855231936
67.0
132.0
-0.1775485431929026
0.16528388932353255
68.0
69.0
-0.2942447998456161
0.23548689496388253
69.0
70.0
0.37421854282949313
-0.3725869299810176
69.0
71.0
0.41187805262769295
-0.4104415514346431
69.0
72.0
8.270470884641275
-8.162913925030432
69.0
73.0
1.4260863588290398
-1.402866141424934
69.0
74.0
1.6969499908597472
-1.6468392339740174
69.0
97.0
-0.41330455055129794
0.3991173696867493
69.0
101.0
0.22803722095190518
-0.22711714897341975
69.0
112.0
0.2282842369726166
-0.2273179452295235
69.0
124.0
-2.0649002099560843
1.9259945427163303
70.0
71.0
0.002090179093080002
-0.0021560383200696343
70.0
72.0
-0.3350105958300684
0.3300130118732004
70.0
73.0
-0.020402953382271247
0.019837838752941196
70.0
74.0
-0.0017914014219595972
0.0018478379178516954
70.0
101.0
-0.06583042273828538
0.06463755025547338
70.0
112.0
-0.0655885634733436
0.06452216559167914
71.0
72.0
-0.38660787377352823
0.3834424185591332
71.0
73.0
-0.024599017389777895
0.024280351275797127
71.0
74.0
-0.0022742162934720617
0.0022941336276785518
71.0
101.0
-0.06047940546300855
0.059677510116347615
71.0
112.0
-0.060307864847119835
0.05956677455507775
72.0
73.0
0.8985865546840466
-0.8973781304616981
72.0
74.0
1.7264401294632896
-1.7159077268996596
72.0
98.0
0.09915830572284251
-0.09830720513897415
72.0
100.0
0.04247327991036188
-0.04222059553223312
72.0
101.0
-0.4460566071317238
0.4461334466517934
72.0
103.0
0.021848442616849026
-0.02124032170995732
72.0
112.0
-0.438365566762031
0.4384608733544793
73.0
74.0
0.6368445629886679
-0.6372588789677864
73.0
75.0
-0.5195893531910265
0.5240416387331683
73.0
81.0
0.9803086495567173
-0.9914415254379714
73.0
82.0
-0.20906098743737364
0.20923803406190983
73.0
91.0
-0.7074049356822968
0.722667139566591
73.0
96.0
-0.6266950956526413
0.6373678636581687
73.0
101.0
-0.09946036320461502
0.099521871123189
73.0
105.0
-1.7019170854013563
1.7079609269515914
73.0
105.0
-1.7019170854013563
1.7079609269515914
73.0
105.0
-1.8783272759465053
1.8846152505060134
73.0
108.0
-1.1479313451078212
1.1189087632884813
73.0
109.0
-0.13219426988568742
0.13328698649620052
73.0
112.0
-0.09774987081052908
0.09781708444290965
73.0
121.0
-0.5174676650452598
0.5067283275176079
74.0
75.0
-0.48172665282369354
0.4875807073771815
74.0
81.0
0.6038486521930363
-0.6150448948595212
74.0
82.0
-0.22710757553563446
0.22654299042776307
74.0
91.0
-0.5732393696101633
0.5886625969469791
74.0
96.0
-0.04242862888291924
0.043308726053600734
74.0
101.0
-0.13495116585656025
0.13592733618116884
74.0
106.0
0.5964068823468405
-0.5949544777293463
74.0
106.0
0.5782828145997194
-0.5780283388706849
74.0
108.0
-1.5450778208492137
1.4919181335678615
74.0
109.0
-0.12140635893352666
0.12319898533538502
74.0
112.0
-0.13195431621890785
0.1330098804776543
74.0
121.0
-0.6875178339197099
0.6633063682169574
75.0
82.0
-0.24972185268146738
0.25541929826467435
75.0
91.0
-0.08917986604031837
0.0872925427213373
75.0
96.0
-0.037005340645933193
0.03636445441930275
75.0
108.0
-5.035940508929343
5.17176604675616
75.0
109.0
-0.18054695991995004
0.18481762016962675
75.0
121.0
-2.469609924263207
2.6401942109800096
76.0
77.0
0.10338016670858485
-0.10253730534743244
76.0
89.0
6.480722210137886
-6.430010866669987
79.0
80.0
-0.9478257267225239
0.9859900043543609
79.0
90.0
-0.061749888086457816
0.06196381778828262
79.0
92.0
0.4784870110890908
-0.4778984643779583
79.0
94.0
-0.2031423443742345
0.2106340816037641
79.0
95.0
-0.1379703519107513
0.14956110257898184
79.0
107.0
0.21098479547872065
-0.20750704885854107
80.0
90.0
-0.011384843852931953
0.01158395797647023
80.0
92.0
0.16308752227530016
-0.1590286622994299
80.0
94.0
-0.054060591157386186
0.057559826712798065
82.0
91.0
0.00764740204288747
-0.007674105782901547
82.0
108.0
-0.37936994843038485
0.3672016370889401
82.0
109.0
0.043350812304286654
-0.0434125186896063
82.0
121.0
-0.2837364378438117
0.2650877714642382
83.0
89.0
0.3131190501262541
-0.30729293725927864
89.0
103.0
-0.041426897412824674
0.039442821538655554
90.0
92.0
0.03282543907960334
-0.033001933752708885
90.0
94.0
-0.08735373238630237
0.0881590469525124
91.0
96.0
0.025681219182977055
-0.025768374128373954
91.0
108.0
-0.42910173524787604
0.4072927321932854
91.0
109.0
-0.001590863829786055
0.0015671085894591649
91.0
121.0
-0.31101866225860036
0.27807921712332867
92.0
94.0
-0.08957952853518446
0.09252451435114409
92.0
107.0
0.042739657955345775
-0.0426952075480455
94.0
95.0
-0.7467604504246435
0.799455341801301
94.0
138.0
-0.4785361221275629
0.44475489968044357
95.0
138.0
0.15401782729473748
-0.15941380715026546
96.0
108.0
-0.06586304547866852
0.06191345904038602
97.0
124.0
-0.07763306949789098
0.07440668972952655
98.0
100.0
0.15652617060883484
-0.15673991259201916
98.0
103.0
0.10023120732400553
-0.09911067881988708
100.0
103.0
0.16786403829005303
-0.17016409420947562
101.0
112.0
-5.485535922375821E-4
5.412566271890537E-4
102.0
117.0
2.3385858915796462
-2.340332556725197
102.0
118.0
0.007668411425901883
-0.008263493564275103
108.0
109.0
0.21503977499103297
-0.21975965634166286
108.0
121.0
-8.56571918546759
8.486467118745038
109.0
121.0
-0.1595377998346752
0.1533463973772787
115.0
116.0
-1.4483214297772586
1.4502944625154626
115.0
117.0
0.08122371824402028
-0.08168287943992411
115.0
118.0
-0.27563651721918114
0.2752433824747833
115.0
143.0
-0.3559809819531762
0.3407220871081089
116.0
117.0
2.0014568164300006
-1.9870692473874643
116.0
118.0
0.5334705042822887
-0.5338046617007343
116.0
143.0
-0.10496302928334042
0.10211618371911893
117.0
118.0
-3.84290083643942
3.8865668989028292
117.0
143.0
-0.3050013147853211
0.29640472165550424
118.0
131.0
-0.03841942631009597
0.03687468388007439
118.0
132.0
-0.04637153924638851
0.044579484157852914
118.0
143.0
-6.963625345160665
6.900940565616039
119.0
120.0
2.3601984055364342
-2.3473307130706544
119.0
121.0
-0.2177626838056319
0.21710471538629283
119.0
122.0
-0.03782901048018892
0.03681910922251164
119.0
124.0
0.01774585142700643
-0.0179034399176913
119.0
125.0
0.33340095026664573
-0.33457852785977504
119.0
126.0
11.864115871509746
-11.605759565686263
119.0
127.0
-0.22444666145272762
0.2174988794301026
119.0
128.0
-7.789043121876209
7.404729494492058
119.0
129.0
1.9396471213079751
-1.9246416187073554
119.0
130.0
-5.882154897328843
5.792362692384462
119.0
131.0
-16.587253370679598
15.162212178260013
119.0
132.0
-0.221305816755391
0.1969643091928713
119.0
144.0
-0.1393358443649664
0.11972181301667538
120.0
121.0
-1.6204583503213696
1.6232850195160835
120.0
122.0
-0.31989755462630676
0.312881973964099
120.0
123.0
-0.2361394677095096
0.23341151665153606
120.0
124.0
-0.0033360225309349567
0.00333572340691305
120.0
125.0
0.5540529073123629
-0.5541483827999854
120.0
127.0
-2.1110317216967696
2.1213740819649813
120.0
128.0
-6.528960787498926
6.39284878772321
120.0
129.0
0.1458947784678399
-0.1468059163255812
120.0
130.0
-0.1570787462165616
0.1524787361331984
120.0
131.0
-1.085738547055461
0.9971105433549635
120.0
132.0
-1.3340609087145365
1.2793312261410228
121.0
122.0
-0.3420833648065885
0.34061403105105575
121.0
123.0
0.007235441165415968
-0.007265636729548774
121.0
124.0
0.35992129353264046
-0.3608369827346236
121.0
125.0
12.359129067969626
-12.359129067969626
121.0
127.0
-0.3082475249057193
0.30602094157022075
121.0
128.0
-1.1273351486121481
1.0875098707383195
121.0
129.0
0.04313729792206582
-0.04418580798262187
121.0
131.0
-0.2342865563075398
0.2206264902073963
121.0
132.0
-0.3521190060550149
0.33286374783041595
122.0
123.0
0.03705550193554714
-0.03799581732590887
122.0
124.0
5.26404923164542
-5.2932906001876425
122.0
125.0
1.9665682733431493
-1.9982769631763864
122.0
131.0
-0.09616384090932728
0.09352531685008714
122.0
132.0
-1.2663921548210173
1.2307046866291587
122.0
133.0
-0.01491522832562905
0.01418678385429839
122.0
143.0
-0.2172035771346996
0.2154777764628592
123.0
124.0
0.058539628283251564
-0.05936135011360855
123.0
125.0
0.23074049191180823
-0.23571557424397302
123.0
131.0
-0.29995737895284574
0.28220164719072
123.0
132.0
-0.4254207937748509
0.3972759609680509
124.0
125.0
0.3368191432747745
-0.33711483061025127
124.0
128.0
-0.05924726178624082
0.05496346156497241
124.0
131.0
-0.5958878116390325
0.554170729145253
124.0
132.0
-3.7740848191489493
3.6129943592623435
124.0
133.0
-0.2877503995026669
0.2847960781523828
124.0
143.0
-0.5215443738870624
0.5190545199420613
125.0
127.0
-0.41634572437050216
0.40085654226277234
125.0
128.0
-0.8416395340187529
0.7928666576089088
125.0
129.0
0.010002574749399853
-0.010097439298630481
125.0
130.0
-0.022171998353675813
0.021116754190901962
125.0
131.0
-0.7250763676854304
0.6515218184346709
125.0
132.0
-1.230250247187656
1.1327459760958092
127.0
128.0
-0.6973031331515374
0.6956946450868833
127.0
129.0
0.37961351322247194
-0.38675196402899636
128.0
129.0
24.280556441155184
-25.038981087362046
128.0
130.0
0.07953118343839921
-0.09152587951977353
128.0
131.0
-0.007784770171278743
0.00756477178596786
130.0
131.0
-20.07626069466636
18.800024494412447
130.0
132.0
-0.14598760232321845
0.12966746237586987
130.0
144.0
-0.1450090004494649
0.12641968667934952
131.0
132.0
-3.467763185807933
3.4226397008790745
131.0
133.0
0.033525764149177496
-0.03496465272500556
131.0
143.0
0.19516851964943455
-0.1978933439860276
131.0
144.0
-9.6758694760584
9.433548266166463
132.0
133.0
0.39891301545362917
-0.4160797095298926
132.0
143.0
2.279537946508899
-2.310407731893151
132.0
144.0
-0.004983732233305827
0.004980469456491713
133.0
143.0
-0.03929948596686133
0.03847607790037857
134.0
131.0
-1.1960157451961162
0.18588154112915767
134.0
136.0
-1.414819308551348
1.0258513122153585
134.0
139.0
-1.1207591745810757
1.0682721987193666
134.0
141.0
-8.458868376501176
5.2312763489170235
134.0
142.0
-8.443847220638203
3.8378324924877028
134.0
144.0
-23.447089165078285
4.5031083019299185
134.0
145.0
-33.002562726315496
28.235454571175293
135.0
95.0
0.08757898978802382
-0.09140811394973974
135.0
136.0
25.95579296963958
-29.10371145184057
135.0
138.0
2.7155239310629944
-2.772758615799316
135.0
141.0
0.827429183812503
-0.9696515033057571
136.0
115.0
1.9009894637899105
-1.9548485239593454
136.0
116.0
0.026906715577517185
-0.028059937317480296
136.0
117.0
0.019859958336683962
-0.021290376168500172
136.0
118.0
0.07946600261754688
-0.08461414263182153
136.0
138.0
-0.17180911976588184
0.15084672118739068
136.0
139.0
21.183264851142887
-34.13214939224717
136.0
140.0
-0.10860988547543005
0.06157055438004006
136.0
141.0
8.709189331270084
-8.954361704483771
136.0
142.0
-0.5365000652487236
0.5200236215165455
136.0
143.0
-0.0025280038891401947
0.002511408811855225
136.0
145.0
12.739185551330362
-14.115748310819521
137.0
139.0
-8.945054021986858
1.405034452428458
137.0
140.0
0.024492343098078764
-0.02756530695899897
137.0
145.0
-0.5922581684514409
-1.3534583327990837
139.0
140.0
-7.548141327639286
-22.74498644259931
139.0
141.0
-21.06515390121761
14.82082889547533
139.0
142.0
-0.8090760521804046
0.4169718154267659
139.0
145.0
-70.07061995965698
64.5921102249284
140.0
145.0
0.03786291495573213
-1.4875530989734116
141.0
115.0
0.784280399996548
-0.7847870741253025
141.0
116.0
-0.04118110158386584
0.0408578470221511
141.0
117.0
0.026023136861168597
-0.02656445184114535
141.0
118.0
-0.05411922122230997
0.05396569868586727
141.0
131.0
-0.29358825078274486
0.2696139405022065
141.0
132.0
-0.05371980211074735
0.048210667844108636
141.0
142.0
-23.946729903334216
22.735912178935813
141.0
143.0
-0.8534851564260428
0.7886881475870466
141.0
144.0
-1.5454848413477484
1.3328182335594838
141.0
145.0
16.716792107390898
-18.381684360317433
142.0
115.0
1.630546585201054
-1.6860198223629248
142.0
116.0
0.07607698862177922
-0.08155696838794578
142.0
117.0
0.12217837656712316
-0.13269424563218252
142.0
118.0
2.222965089958386
-2.3420744106516977
142.0
119.0
0.20316134406529618
-0.21868836650766854
142.0
120.0
0.06353137600543536
-0.0665787296198422
142.0
122.0
0.08551717628800543
-0.08786050644457288
142.0
124.0
0.21830422028999252
-0.22863139725636908
142.0
125.0
0.05443736103330142
-0.05874050921735399
142.0
130.0
0.1560514857125719
-0.16799104409240273
142.0
131.0
0.30098140832666775
-0.3011204938075055
142.0
132.0
-1.7022984941916919
1.6836066999330286
142.0
133.0
0.020743818194433487
-0.02158120029285209
142.0
143.0
4.376582601410674
-4.467524648997021
142.0
144.0
-6.227486162293381
6.136536625251483
142.0
145.0
1.534967503471901
-1.9070473744729084
143.0
144.0
-0.09599016992866176
0.0907098312845692
144.0
145.0
0.46911663366616135
-0.7721665849209318
