57.0
1.0
80.0
1.0
3.0
55.0
17.0
460.704
142.72037713747946
2.0
2.0
3.0
88.0
80.0
88.35126979388149
3.0
2.0
41.0
21.0
112.0
45.09695955144547
4.0
1.0
0.0
0.0
0.0
0.0
5.0
1.0
13.0
4.0
0.0
0.0
6.0
2.0
75.0
2.0
80.0
73.27752691026816
7.0
1.0
0.0
0.0
0.0
0.0
8.0
2.0
150.0
22.0
440.0
460.08558511291
9.0
2.0
121.0
26.0
80.0
98.15386887320972
10.0
1.0
5.0
2.0
0.0
0.0
11.0
1.0
0.0
0.0
0.0
0.0
12.0
2.0
377.0
24.0
328.0
361.9189134738445
13.0
1.0
18.0
2.3
0.0
0.0
14.0
1.0
10.5
5.3
0.0
0.0
15.0
1.0
22.0
5.0
0.0
0.0
16.0
1.0
43.0
3.0
0.0
0.0
17.0
1.0
42.0
8.0
0.0
0.0
18.0
1.0
27.2
9.8
0.0
0.0
19.0
1.0
3.3
0.6
0.0
0.0
20.0
1.0
2.3
1.0
0.0
0.0
21.0
1.0
0.0
0.0
0.0
0.0
22.0
1.0
0.0
0.0
0.0
0.0
23.0
1.0
6.3
2.1
0.0
0.0
24.0
1.0
0.0
0.0
0.0
0.0
25.0
1.0
6.3
3.2
0.0
0.0
26.0
1.0
0.0
0.0
0.0
0.0
27.0
1.0
9.3
0.5
0.0
0.0
28.0
1.0
4.6
2.3
0.0
0.0
29.0
1.0
17.0
2.6
0.0
0.0
30.0
1.0
3.6
1.8
0.0
0.0
31.0
1.0
5.8
2.9
0.0
0.0
32.0
1.0
1.6
0.8
0.0
0.0
33.0
1.0
3.8
1.9
0.0
0.0
34.0
1.0
0.0
0.0
0.0
0.0
35.0
1.0
6.0
3.0
0.0
0.0
36.0
1.0
0.0
0.0
0.0
0.0
37.0
1.0
0.0
0.0
0.0
0.0
38.0
1.0
14.0
7.0
0.0
0.0
39.0
1.0
0.0
0.0
0.0
0.0
40.0
1.0
0.0
0.0
0.0
0.0
41.0
1.0
6.3
3.0
0.0
0.0
42.0
1.0
7.1
4.4
0.0
0.0
43.0
1.0
2.0
1.0
0.0
0.0
44.0
1.0
12.0
1.8
0.0
0.0
45.0
1.0
0.0
0.0
0.0
0.0
46.0
1.0
0.0
0.0
0.0
0.0
47.0
1.0
29.7
11.6
0.0
0.0
48.0
1.0
0.0
0.0
0.0
0.0
49.0
1.0
18.0
8.5
0.0
0.0
50.0
1.0
21.0
10.5
0.0
0.0
51.0
1.0
18.0
5.3
0.0
0.0
52.0
1.0
4.9
2.2
0.0
0.0
53.0
1.0
20.0
10.0
0.0
0.0
54.0
1.0
4.1
1.4
0.0
0.0
55.0
1.0
6.8
3.4
0.0
0.0
56.0
1.0
7.6
2.2
0.0
0.0
57.0
1.0
6.7
2.0
0.0
0.0
1.0
2.0
-0.4645781869191088
0.46667259508921416
2.0
3.0
0.3867686761715294
-0.3822034450689194
3.0
4.0
-0.0712414001858163
0.07134643132133023
4.0
5.0
-0.14150559214241223
0.14274142634412432
4.0
6.0
-0.253361867702277
0.2562065157903121
6.0
7.0
-0.13194012141243489
0.1323014733614258
6.0
8.0
-0.4159806066517542
0.42155989995134013
8.0
9.0
1.8494725213897591
-1.8158073270068802
9.0
10.0
0.3701171647091703
-0.365016730590159
9.0
11.0
0.4703935812703571
-0.46445025137121215
9.0
12.0
0.20210178193012002
-0.19947575657736338
9.0
13.0
0.35419010327204786
-0.34797620257884965
13.0
14.0
0.1708463638313285
-0.17026579913700957
13.0
15.0
-0.14304502356105003
0.1437735611466668
1.0
15.0
0.5160827096435188
-0.5110616520736658
1.0
16.0
0.3419958928030314
-0.3367521667151953
1.0
17.0
0.483102056094926
-0.47756410830697255
3.0
15.0
0.49511277009277455
-0.4908459964995374
4.0
18.0
0.13762990761852145
-0.13762990761852145
4.0
18.0
0.17763860169367307
-0.1776386016936731
5.0
6.0
-0.2728550758432314
0.2750533872372628
7.0
8.0
-0.8194549558176006
0.8284755265297468
10.0
12.0
-0.022945729288410367
0.02304498431331578
11.0
13.0
0.216031290843843
-0.2149473988292665
12.0
13.0
-0.024228487678414685
0.025368642008682888
12.0
16.0
0.09356048024209696
-0.09339860248115889
12.0
17.0
-0.05724828843409853
0.05738290265380462
14.0
15.0
-0.3618402901327438
0.364953070885479
18.0
19.0
0.05096475470984715
-0.04959591647078817
19.0
20.0
0.016531084324397132
-0.016386691962092543
21.0
20.0
0.00694500515470744
-0.006945005154707439
21.0
22.0
-0.006658681966409181
0.006663452150125692
22.0
23.0
0.027185884724788275
-0.02717068498040557
23.0
24.0
-0.0359095003013677
0.036142032533592154
24.0
25.0
0.07397363896772353
-0.07397363896772353
24.0
25.0
0.07108686281288554
-0.07108686281288554
24.0
26.0
-0.18899424547182156
0.1889942454718216
26.0
27.0
-0.18120253167337122
0.18695338719228258
27.0
28.0
-0.28007265039363916
0.28486530949181843
28.0
29.0
-0.3308769047763646
0.3353216256299179
7.0
29.0
0.6644773685399168
-0.6644773685399168
25.0
30.0
0.08199470164727411
-0.08077491602855225
30.0
31.0
0.04478325823950842
-0.04382926014993137
31.0
32.0
-0.014254488982652781
0.014370919493792432
32.0
33.0
0.03805753843166822
-0.03798049413149293
34.0
32.0
0.06670851864430888
-0.06670851864430888
34.0
35.0
-0.06841899371760567
0.06874215372776393
35.0
36.0
-0.12859883023269333
0.12952318310510957
36.0
37.0
-0.1532496592659212
0.15427820911253565
37.0
38.0
-0.18457818868507034
0.1880236492813839
37.0
39.0
0.030299979395795283
-0.030256053206708093
36.0
40.0
0.023726476034154367
-0.02365563446273585
22.0
38.0
-0.033849336695409384
0.03388169201582916
11.0
41.0
0.09621187718665015
-0.09621187718665015
41.0
42.0
0.0988283435813541
-0.09660183022849539
41.0
43.0
-0.12765598658175772
0.12765598658175772
38.0
44.0
-0.1478254929420827
0.14845702942232994
15.0
45.0
0.26062091429539835
-0.26062091429539835
14.0
46.0
0.3843489229122076
-0.3843489229122077
46.0
47.0
0.4270543583459837
-0.4219656884012456
47.0
48.0
0.1248496561368254
-0.12430592396832947
48.0
49.0
-0.029023558255288438
0.02926845448267014
49.0
50.0
0.056440448569055834
-0.055781134077461464
50.0
51.0
-0.15456848171419552
0.15785161512032334
10.0
51.0
0.3141504285516254
-0.31415042855162545
13.0
49.0
0.29492301889867645
-0.29492301889867645
29.0
52.0
0.18168741159619614
-0.17720160056752096
52.0
53.0
0.12817058762637928
-0.12696084199965982
53.0
54.0
-0.0729074386982441
0.0740433682766234
54.0
55.0
-0.11502048806678966
0.1175054498201008
11.0
43.0
0.14147119549952988
-0.14147119549952988
44.0
45.0
-0.2685612418757915
0.2729014763587477
40.0
56.0
0.02266209674899654
-0.02266209674899654
56.0
41.0
-0.0641034351661844
0.06654450399164483
56.0
42.0
-0.025388635736350713
0.025579528453414428
39.0
57.0
0.029650931438975237
-0.029650931438975237
57.0
56.0
-0.03672960224207035
0.03698900208850157
38.0
49.0
-0.06234212441953172
0.06351723359092501
38.0
48.0
-0.1517098129715831
0.15332948195098925
9.0
55.0
0.17441019142072375
-0.17441019142072373
