9.0
1.0
9.0
1.0
3.0
0.0
0.0
200.0
246.12543565593575
2.0
2.0
0.0
0.0
240.0
266.4191522836312
3.0
2.0
0.0
0.0
216.0
249.4711258355663
4.0
1.0
0.0
0.0
0.0
0.0
5.0
1.0
305.4
123.15
0.0
0.0
6.0
1.0
0.0
0.0
0.0
0.0
7.0
1.0
214.11
71.09
0.0
0.0
8.0
1.0
0.0
0.0
0.0
0.0
9.0
1.0
235.61
81.44
0.0
0.0
1.0
4.0
2.6106785515560214
-2.6106785515560214
4.0
5.0
1.538695244682
-1.49074703126557
5.0
6.0
-1.583181752791608
1.6895078951066493
3.0
6.0
2.711509582311735
-2.711509582311735
6.0
7.0
0.9399017602891523
-0.9305168028366018
7.0
8.0
-1.3231784654979983
1.3366764443547878
8.0
2.0
-2.869018901451237
2.869018901451237
8.0
9.0
1.4763958005550863
-1.4143254627144295
9.0
4.0
-1.009277326912408
1.0205048651770603
