118.0
1.0
186.0
1.0
2.0
51.0
27.0
80.0
26.593843467994123
2.0
1.0
20.0
9.0
0.0
0.0
3.0
1.0
39.0
10.0
0.0
0.0
4.0
2.0
39.0
12.0
80.0
4.955366364818534E-5
5.0
1.0
0.0
0.0
0.0
0.0
6.0
2.0
52.0
22.0
80.0
0.04750343526696457
7.0
1.0
19.0
2.0
0.0
0.0
8.0
2.0
28.0
0.0
80.0
4.228882208089815E-5
9.0
1.0
0.0
0.0
0.0
0.0
10.0
2.0
0.0
0.0
440.0
401.9250150298431
11.0
1.0
70.0
23.0
0.0
0.0
12.0
2.0
47.0
10.0
148.0
85.80773484261339
13.0
1.0
34.0
16.0
0.0
0.0
14.0
1.0
14.0
1.0
0.0
0.0
15.0
2.0
90.0
30.0
80.0
21.00859971667984
16.0
1.0
25.0
10.0
0.0
0.0
17.0
1.0
11.0
3.0
0.0
0.0
18.0
2.0
60.0
34.0
80.0
13.349645931314427
19.0
2.0
45.0
25.0
80.0
21.70606151455949
20.0
1.0
18.0
3.0
0.0
0.0
21.0
1.0
14.0
8.0
0.0
0.0
22.0
1.0
10.0
5.0
0.0
0.0
23.0
1.0
7.0
3.0
0.0
0.0
24.0
2.0
13.0
0.0
80.0
4.5221032552563705E-5
25.0
2.0
0.0
0.0
256.0
193.83786678085156
26.0
2.0
0.0
0.0
331.20000000000005
279.7965938681345
27.0
2.0
71.0
13.0
80.0
10.034010497109804
28.0
1.0
17.0
7.0
0.0
0.0
29.0
1.0
24.0
4.0
0.0
0.0
30.0
1.0
0.0
0.0
0.0
0.0
31.0
2.0
43.0
27.0
85.60000000000001
7.24933891694057
32.0
2.0
59.0
23.0
80.0
14.962196339993383
33.0
1.0
23.0
9.0
0.0
0.0
34.0
2.0
59.0
26.0
80.0
4.964251497311854
35.0
1.0
33.0
9.0
0.0
0.0
36.0
2.0
31.0
17.0
80.0
10.728338223671043
37.0
1.0
0.0
0.0
0.0
0.0
38.0
1.0
0.0
0.0
0.0
0.0
39.0
1.0
27.0
11.0
0.0
0.0
40.0
2.0
66.0
23.0
80.0
49.363872811515634
41.0
1.0
37.0
10.0
0.0
0.0
42.0
2.0
96.0
23.0
80.0
41.06953069775333
43.0
1.0
18.0
7.0
0.0
0.0
44.0
1.0
16.0
8.0
0.0
0.0
45.0
1.0
53.0
22.0
0.0
0.0
46.0
2.0
28.0
10.0
95.2
19.04228605509724
47.0
1.0
34.0
0.0
0.0
0.0
48.0
1.0
20.0
11.0
0.0
0.0
49.0
2.0
87.0
30.0
243.20000000000002
193.3656190762535
50.0
1.0
17.0
4.0
0.0
0.0
51.0
1.0
17.0
8.0
0.0
0.0
52.0
1.0
18.0
5.0
0.0
0.0
53.0
1.0
23.0
11.0
0.0
0.0
54.0
2.0
113.0
32.0
118.4
49.54860770295246
55.0
2.0
63.0
22.0
80.0
32.25876549549288
56.0
2.0
84.0
18.0
80.0
32.695087075577284
57.0
1.0
12.0
3.0
0.0
0.0
58.0
1.0
12.0
3.0
0.0
0.0
59.0
2.0
277.0
113.0
204.0
149.73059453419012
60.0
1.0
78.0
3.0
0.0
0.0
61.0
2.0
0.0
0.0
208.0
148.44151059896853
62.0
2.0
77.0
14.0
80.0
2.5073419902513322E-5
63.0
1.0
0.0
0.0
0.0
0.0
64.0
1.0
0.0
0.0
0.0
0.0
65.0
2.0
0.0
0.0
392.8
352.29307822158125
66.0
2.0
39.0
18.0
393.6
348.91573553259553
67.0
1.0
28.0
7.0
0.0
0.0
68.0
1.0
0.0
0.0
0.0
0.0
69.0
3.0
0.0
0.0
644.1600000000001
453.74099238596744
70.0
2.0
66.0
20.0
80.0
1.209259667669848E-4
71.0
1.0
0.0
0.0
0.0
0.0
72.0
2.0
12.0
0.0
80.0
1.3452551345073742E-4
73.0
2.0
6.0
0.0
80.0
1.7896230659169546E-4
74.0
2.0
68.0
27.0
80.0
17.06747606286013
75.0
1.0
47.0
11.0
0.0
0.0
76.0
2.0
68.0
36.0
80.0
22.89854352223958
77.0
2.0
61.0
28.0
80.0
2.9758271282703226E-5
78.0
1.0
71.0
26.0
0.0
0.0
79.0
1.0
39.0
32.0
0.0
0.0
80.0
2.0
130.0
26.0
461.6
430.9076373539246
81.0
1.0
0.0
0.0
0.0
0.0
82.0
1.0
54.0
27.0
0.0
0.0
83.0
1.0
20.0
10.0
0.0
0.0
84.0
1.0
11.0
7.0
0.0
0.0
85.0
2.0
24.0
15.0
80.0
1.4102303810400372E-5
86.0
1.0
21.0
10.0
0.0
0.0
87.0
2.0
0.0
0.0
83.2
3.6268825137956906
88.0
1.0
48.0
10.0
0.0
0.0
89.0
2.0
0.0
0.0
565.6
501.89878801352216
90.0
2.0
163.0
42.0
80.0
1.8311242744099952E-5
91.0
2.0
10.0
0.0
80.0
1.6734642021092552E-5
92.0
2.0
65.0
10.0
80.0
1.3123721707760126E-5
93.0
1.0
12.0
7.0
0.0
0.0
94.0
1.0
30.0
16.0
0.0
0.0
95.0
1.0
42.0
31.0
0.0
0.0
96.0
1.0
38.0
15.0
0.0
0.0
97.0
1.0
15.0
9.0
0.0
0.0
98.0
1.0
34.0
8.0
0.0
0.0
99.0
2.0
42.0
0.0
80.0
2.3302584067545357E-5
100.0
2.0
37.0
18.0
281.6
231.318581868093
101.0
1.0
22.0
15.0
0.0
0.0
102.0
1.0
5.0
3.0
0.0
0.0
103.0
2.0
23.0
16.0
112.0
38.24935806421274
104.0
2.0
38.0
25.0
80.0
3.7996790669850115E-4
105.0
2.0
31.0
26.0
80.0
5.226727935764554
106.0
1.0
43.0
16.0
0.0
0.0
107.0
2.0
50.0
12.0
80.0
29.086632059744673
108.0
1.0
2.0
1.0
0.0
0.0
109.0
1.0
8.0
3.0
0.0
0.0
110.0
2.0
39.0
30.0
80.0
7.069600090036378
111.0
2.0
0.0
0.0
108.80000000000001
35.24306913866273
112.0
2.0
68.0
13.0
80.0
36.49094395728055
113.0
2.0
6.0
0.0
80.0
1.661834710469672E-4
114.0
1.0
8.0
3.0
0.0
0.0
115.0
1.0
22.0
7.0
0.0
0.0
116.0
2.0
184.0
0.0
80.0
1.5625244072519906E-5
117.0
1.0
20.0
8.0
0.0
0.0
118.0
1.0
33.0
15.0
0.0
0.0
1.0
2.0
-0.032339626359383894
0.03243567553153039
1.0
3.0
-0.21227947384306736
0.21285726915938963
4.0
5.0
-0.9633377099534599
0.9652739896917922
3.0
5.0
-0.5492622414685231
0.5560668314775281
5.0
6.0
0.8084226163049875
-0.8014175034271465
6.0
7.0
0.28228365287378376
-0.2819513187490954
8.0
9.0
-3.946332569902841
3.981429983257714
8.0
5.0
2.967280903722936
-2.967280903722936
9.0
10.0
-3.9814299823044914
4.019250150279453
4.0
11.0
0.5727852894664784
-0.5666335437174284
5.0
11.0
0.682704485986478
-0.6742408894006778
11.0
12.0
0.22969631978423383
-0.22898416629196616
2.0
12.0
-0.2329135653433824
0.23408857128318694
3.0
12.0
-0.052930747174141646
0.05322625885249493
7.0
12.0
0.0919281453823239
-0.09186144332895713
11.0
13.0
0.31173414234930746
-0.309649465940421
12.0
14.0
0.14435324572047387
-0.14393354253551538
13.0
15.0
-0.030786061120538707
0.03102773763911556
14.0
15.0
0.0038645929052184974
-0.0038637844306825403
12.0
16.0
0.07382199430253356
-0.07370042147523528
15.0
17.0
-0.8339493194881885
0.8422999016198792
16.0
17.0
-0.17638722322817407
0.17772544229832565
17.0
18.0
0.6207712402729859
-0.6165130531549209
18.0
19.0
0.14878237420331394
-0.14855340577494433
19.0
20.0
-0.02656114675110398
0.026854664022494302
15.0
19.0
0.03796393268863301
-0.037947271129634946
20.0
21.0
-0.20720975779386067
0.20813346385655676
21.0
22.0
-0.34830525106768234
0.35073133915102467
22.0
23.0
-0.4506661456309866
0.4571685103632048
23.0
24.0
0.2030684571768065
-0.20256229402849973
23.0
25.0
-1.489864016590284
1.5220839062887872
26.0
25.0
0.8061425607197323
-0.8061425607197323
25.0
27.0
1.256026595563667
-1.2113763680519651
27.0
28.0
0.30917152647574825
-0.30748208524993
28.0
29.0
0.13743922495639374
-0.13698656242042048
30.0
17.0
1.904742540851743
-1.904742540851743
8.0
30.0
0.6536135812795825
-0.6518177578922554
26.0
30.0
1.9582341046548453
-1.9291278790625117
17.0
31.0
0.1812845184676678
-0.17954024173669741
29.0
31.0
-0.1032173011648853
0.10336606629467397
23.0
32.0
0.7595379537695397
-0.7425867332726827
31.0
32.0
-0.2819533361846981
0.28426000679803093
27.0
32.0
0.09728497438955087
-0.09707234732136748
15.0
33.0
0.07776417368068483
-0.07755484321683076
19.0
34.0
-0.020761616708755475
0.020845637697150445
35.0
36.0
-0.027289396729275592
0.027291894485381774
35.0
37.0
-0.30192231786065366
0.30285945196494113
33.0
37.0
-0.1523270942534992
0.15332735142322051
34.0
36.0
0.2310442098755435
-0.2306266273880917
34.0
37.0
-0.8930148622649763
0.8949488964202822
38.0
37.0
1.785220447909491
-1.785220447909491
37.0
39.0
0.3304164526192897
-0.3271148134607175
37.0
40.0
0.22777453722115698
-0.22497674749878216
30.0
38.0
0.596838827709026
-0.5949759583321321
39.0
40.0
0.05659483111798342
-0.05653521620929678
40.0
41.0
0.19482108475417723
-0.19419912471265083
40.0
42.0
-0.07890745963230407
0.07928894083926155
41.0
42.0
-0.17596860182005128
0.1771624054613059
43.0
44.0
-0.07983104932964988
0.08038636685126667
34.0
43.0
0.1009173839911668
-0.10032640876569078
44.0
45.0
-0.24052531383329245
0.2420868289959635
45.0
46.0
-0.3161548364424028
0.31995954166374363
46.0
47.0
-0.2663899581570933
0.26891528302919976
46.0
48.0
-0.14329386551326695
0.1444413973607397
47.0
49.0
-0.17641167864334575
0.17696394275933514
42.0
49.0
-0.40302879219250815
0.41425223936800143
42.0
49.0
-0.40302879219250815
0.41425223936800143
45.0
49.0
-0.45576805273835874
0.4694694826973246
48.0
49.0
-0.34467805073726204
0.34671704271425197
49.0
50.0
0.45360789926109424
-0.44861853932314744
49.0
51.0
0.5654084549714214
-0.5512680013992692
51.0
52.0
0.26014552080311665
-0.2588292342769797
52.0
53.0
0.07871530931224621
-0.07846136500802842
53.0
54.0
-0.15138716655359752
0.15218085159591171
49.0
54.0
0.3117336725375547
-0.3052937427890317
49.0
54.0
0.305714401264384
-0.29832939310013495
54.0
55.0
0.015393058336075524
-0.01538918736802607
54.0
56.0
0.01928504561284571
-0.01928123694265976
55.0
56.0
-0.05659364489473615
0.056614866827597615
56.0
57.0
-0.15406892917301718
0.15490613996219066
50.0
57.0
0.27833551800684647
-0.27488044672002176
56.0
58.0
-4.171088509835538E-4
6.003982294894676E-4
51.0
58.0
0.12117485669110584
-0.12071163006531643
54.0
59.0
-0.21711922303893022
0.21936315163281087
56.0
59.0
-0.19418548468523267
0.19711345409392675
56.0
59.0
-0.2034653341762768
0.20659488974127846
55.0
59.0
-0.2357751885070093
0.23826621096648642
59.0
60.0
-0.36090831120413114
0.36494357086084805
59.0
61.0
-0.4445223479325613
0.45075333839676057
60.0
61.0
-1.071808921173102
1.0745847012469132
60.0
62.0
-0.07443952392929698
0.07453210852969061
61.0
62.0
0.2714238213296837
-0.27084338943818403
63.0
59.0
1.2763345257694163
-1.2763345257694163
63.0
64.0
-1.3295151316848552
1.3325480182045482
64.0
61.0
0.3076615542402457
-0.30766155424024566
38.0
65.0
-1.3143507219853803
1.3298075052600926
64.0
65.0
-1.6448947742495554
1.6523281898669024
49.0
66.0
-1.0283422061195464
1.0458898974222535
49.0
66.0
-1.0283422061195464
1.0458898974222535
62.0
66.0
-0.3524555295556369
0.3579582511797589
62.0
67.0
-0.22168578916276027
0.22286730302068777
65.0
66.0
-0.13220170238365336
0.13220170238365336
66.0
67.0
0.5077769322604958
-0.5026052144605591
65.0
68.0
0.6821872813218494
-0.6815645813078977
47.0
69.0
-0.4326364359900384
0.4479080333873256
49.0
69.0
-0.33921325067181424
0.350208569354175
68.0
69.0
-1.0132807201407814
1.0132807201407816
69.0
70.0
0.9533608967926854
-0.929093433998894
24.0
70.0
-1.430155637967669E-4
1.4364611080092213E-4
70.0
71.0
0.10823798220523982
-0.10813376663005053
24.0
72.0
0.07242160833715108
-0.07217540458768087
71.0
72.0
0.048082809462999275
-0.04797968666985954
71.0
73.0
0.060050954756251045
-0.060019999313629877
70.0
74.0
0.13836709084506763
-0.13732157351882085
70.0
75.0
0.02042794849912359
-0.01997395982782687
69.0
75.0
0.9775254642451557
-0.943026659597799
74.0
75.0
-0.3729856966453023
0.3746662268726991
76.0
77.0
-0.43123292568003996
0.4397337706255136
69.0
77.0
0.7246842726726509
-0.7101409982982503
75.0
77.0
-0.2323183093974428
0.23551639779295733
77.0
78.0
0.49657229601898617
-0.4955184351126646
78.0
79.0
-0.21522262760557753
0.21545565907723432
77.0
80.0
-0.83984880271473
0.8508008052710967
77.0
80.0
-0.39594987357009326
0.40015755623024396
79.0
80.0
-0.6056031492177505
0.610991365799605
68.0
81.0
-0.07709010537079578
0.07716984846236885
81.0
80.0
-0.0721538083124843
0.07215380831248419
77.0
82.0
0.1646462613620049
-0.163816586340861
82.0
83.0
-0.22719867747440214
0.22773585528875068
83.0
84.0
-0.15438456078229407
0.1559278026845048
83.0
85.0
-0.273501968065725
0.2764807199595124
84.0
85.0
-0.2661635608853495
0.2681314198465438
85.0
86.0
0.17509290952671108
-0.17411982545685273
86.0
87.0
-0.036143124263664936
0.03626881891908052
85.0
88.0
-0.37553090004062845
0.3782867241444575
85.0
89.0
-0.5841142632896629
0.5915581482996166
88.0
89.0
-0.8584364085921803
0.8677639122433197
89.0
90.0
0.5477920312411431
-0.5339354839558643
89.0
90.0
1.0429872691369064
-1.0199443377763895
90.0
91.0
-0.07512523196512594
0.07527210135539568
89.0
92.0
1.4970801683983566
-1.477323550099188
89.0
92.0
0.47180635518433334
-0.46398056804327265
91.0
92.0
-0.17521269466109282
0.17631281752859074
92.0
93.0
0.380967886576802
-0.37756717355007624
92.0
94.0
0.3254498817724834
-0.3208238702245635
93.0
94.0
0.25741383633382986
-0.25600447185375436
94.0
95.0
0.3670888611331035
-0.36513730787419163
80.0
96.0
0.2587890119342063
-0.25636765957944174
82.0
96.0
-0.14944219289083097
0.14989998347446346
94.0
96.0
0.15000581311971573
-0.1494370869089474
80.0
97.0
0.3323019337885612
-0.33022679131651206
80.0
98.0
0.28577163422261975
-0.28403337417729846
80.0
99.0
0.1926268742804621
-0.19112482037281991
92.0
100.0
0.13694861104206008
-0.13565383407365486
94.0
100.0
-0.24120864090448918
0.2435959503358812
95.0
96.0
-0.05481593144458239
0.05521128681038071
96.0
97.0
-0.17958881898087353
0.18015583218271897
98.0
100.0
-0.0554982835993235
0.05563253363734384
99.0
100.0
-0.22892391054578112
0.22977330570781407
100.0
101.0
0.0014334518344379307
-0.0010070650797845762
92.0
102.0
0.27119577528486954
-0.2703752017970565
101.0
102.0
-0.21930003806455522
0.2203918263662335
100.0
103.0
0.7332461299708297
-0.7255016565717542
100.0
104.0
0.3967219165388472
-0.3903827553548652
103.0
104.0
0.2556733407324953
-0.2529117122408886
103.0
105.0
0.30687281190971016
-0.3022914412926329
100.0
106.0
0.4188948344635006
-0.4093992733462105
104.0
105.0
0.26329395226025226
-0.26265970783285053
105.0
106.0
0.10932626002825763
-0.10907225410344182
105.0
107.0
0.12231538067438447
-0.12158270395963514
105.0
108.0
0.07531062089235856
-0.07517005740992422
106.0
107.0
0.08849078315986088
-0.08807372506571423
108.0
109.0
0.0551441590622602
-0.055113837840803266
103.0
110.0
0.31529830848284385
-0.3117854881789947
109.0
110.0
-0.02506755621498463
0.025098501146772166
110.0
111.0
-0.3499466174143506
0.3524306918580637
110.0
112.0
0.3171886396876868
-0.314897399974782
17.0
113.0
0.051978258899574324
-0.051780925152110274
32.0
113.0
0.008664319682712154
-0.008332021554576248
32.0
114.0
0.10670570838607177
-0.10653096326329506
27.0
115.0
0.19434943648895556
-0.1937648920858547
114.0
115.0
0.026572290885735764
-0.02656874096519092
68.0
116.0
1.8423773836654647
-1.8412503258366189
12.0
117.0
0.20174536244720784
-0.2003984513141231
75.0
118.0
0.3507510699252821
-0.3487483031099667
76.0
118.0
-0.019205874524964174
0.019212065774377573
