14.0
1.0
20.0
1.0
3.0
0.0
0.0
265.92
194.35402803769486
2.0
2.0
21.7
12.7
112.0
36.72357980759276
3.0
2.0
94.2
19.0
80.0
28.715284373563037
4.0
1.0
47.8
-3.9
0.0
0.0
5.0
1.0
7.6
1.6
0.0
0.0
6.0
2.0
11.2
7.5
80.0
3.2141809587794823E-4
7.0
1.0
0.0
0.0
0.0
0.0
8.0
2.0
0.0
0.0
80.0
8.646507194280526
9.0
1.0
29.5
16.6
0.0
0.0
10.0
1.0
9.0
5.8
0.0
0.0
11.0
1.0
3.5
1.8
0.0
0.0
12.0
1.0
6.1
1.6
0.0
0.0
13.0
1.0
13.5
5.8
0.0
0.0
14.0
1.0
14.9
5.0
0.0
0.0
1.0
2.0
1.296794572936161
-1.2677688215025282
1.0
5.0
0.646745707611619
-0.6262308802257606
2.0
3.0
0.5553160188022831
-0.5419030934152953
2.0
4.0
0.4892485943064765
-0.4763970976536953
2.0
5.0
0.3729214968974269
-0.3655462780101999
3.0
4.0
-0.11133956604782742
0.11232211598492978
4.0
5.0
-0.4914454455702168
0.4947521934883354
4.0
7.0
0.2232382956247196
-0.2232382956247196
4.0
9.0
0.14397666991820254
-0.14397666991820254
5.0
6.0
0.3923333373735255
-0.39233333737352544
6.0
11.0
0.060947475269646244
-0.06045648405599496
6.0
12.0
0.07669319737687551
-0.0759720304562384
6.0
13.0
0.17140529418520983
-0.16932308658929743
7.0
8.0
-0.08646507269715135
0.08646507269715135
7.0
9.0
0.31472508872116706
-0.31472508872116706
9.0
10.0
0.06507086032670617
-0.06491717503382076
9.0
14.0
0.10201744606431899
-0.10070142703096746
10.0
11.0
-0.025382074592988857
0.025484285608532182
12.0
13.0
0.014753011001625207
-0.014692075356929776
13.0
14.0
0.04884223185769651
-0.04837195610124807
