24.0
1.0
38.0
1.0
2.0
108.0
22.0
153.60000000000002
183.99999428593998
2.0
2.0
97.0
20.0
153.60000000000002
183.99999429448405
3.0
1.0
180.0
37.0
0.0
0.0
4.0
1.0
74.0
15.0
0.0
0.0
5.0
1.0
71.0
14.0
0.0
0.0
6.0
1.0
136.0
28.0
0.0
0.0
7.0
2.0
125.0
25.0
240.0
211.4299962173326
8.0
1.0
171.0
35.0
0.0
0.0
9.0
1.0
175.0
36.0
0.0
0.0
10.0
1.0
195.0
40.0
0.0
0.0
11.0
1.0
0.0
0.0
0.0
0.0
12.0
1.0
0.0
0.0
0.0
0.0
13.0
3.0
265.0
54.0
472.80000000000007
239.08426977095078
14.0
2.0
194.0
39.0
0.0
0.0
15.0
2.0
317.0
64.0
172.0
167.0000658282354
16.0
2.0
100.0
20.0
124.0
154.9999955197013
17.0
1.0
0.0
0.0
0.0
0.0
18.0
2.0
333.0
68.0
320.0
399.99999649573857
19.0
1.0
181.0
37.0
0.0
0.0
20.0
1.0
128.0
26.0
0.0
0.0
21.0
2.0
0.0
0.0
320.0
399.9999964819185
22.0
2.0
0.0
0.0
240.0
299.99998048615174
23.0
2.0
0.0
0.0
528.0
659.9999864160139
24.0
1.0
0.0
0.0
0.0
0.0
1.0
2.0
0.10171630368698717
-0.10169107011668828
1.0
3.0
-0.00745892784334436
0.00886316192837953
1.0
5.0
0.6645618391663068
-0.6557809075970641
2.0
4.0
0.4407862489620395
-0.4342895998418626
2.0
6.0
0.5285869512934381
-0.5158804126413554
3.0
9.0
0.21275368695607286
-0.21082755866721373
3.0
24.0
-2.0693337101209486
2.079162370349347
4.0
9.0
-0.30675947700625006
0.3092034114530262
5.0
10.0
-0.054839805077152505
0.05542841965188487
6.0
10.0
-0.8430966557149796
0.8524659726239179
7.0
8.0
0.8641474903410739
-0.8521434781134276
8.0
9.0
-0.4999845712299215
0.5106175933389785
8.0
10.0
-0.35940782298001295
0.36575882324682085
9.0
11.0
-1.1327784417660056
1.1356147270898873
9.0
12.0
-1.2844960047155387
1.288189335241616
10.0
11.0
-1.5639743688218235
1.569563440142186
10.0
12.0
-1.7166491568321727
1.7234862501292634
11.0
13.0
-1.0344623518775045
1.0407407148230232
11.0
14.0
-1.6235040636105142
1.6372477663107226
12.0
13.0
-0.7637233391266709
0.7674967522808548
12.0
23.0
-2.1931046942364634
2.2510453715702505
13.0
23.0
-2.07078935634797
2.11597857075549
14.0
16.0
-3.5782032268206994
3.638972427340552
15.0
16.0
0.8157748458377552
-0.8142508764623739
15.0
21.0
-2.1879773440731154
2.2160409043754576
15.0
21.0
-2.1879773440731154
2.2160409043754576
15.0
24.0
2.0561536439013732
-2.028225801882635
16.0
17.0
-3.1489301219829557
3.1793960453927275
16.0
19.0
0.873857931156387
-0.8717063150502448
17.0
18.0
-1.7940200066090126
1.7993068696326373
17.0
22.0
-1.3853760380238975
1.4097555974580094
18.0
21.0
-0.5680588061781808
0.5690421044429339
18.0
21.0
-0.5680588061781808
0.5690421044429339
19.0
20.0
-0.4709248005447799
0.471994106722454
19.0
20.0
-0.4709248005447799
0.471994106722454
20.0
23.0
-1.113256668412218
1.1164879625346982
20.0
23.0
-1.113256668412218
1.1164879625346982
21.0
22.0
-1.5701660528851882
1.5902442074126772
