9.0
1.0
9.0
1.0
3.0
0.0
0.0
200.0
90.00663315867209
2.0
2.0
0.0
0.0
240.0
134.56742898321207
3.0
2.0
0.0
0.0
216.0
94.358275209555
4.0
1.0
0.0
0.0
0.0
0.0
5.0
1.0
90.0
30.0
0.0
0.0
6.0
1.0
0.0
0.0
0.0
0.0
7.0
1.0
100.0
35.0
0.0
0.0
8.0
1.0
0.0
0.0
0.0
0.0
9.0
1.0
125.0
50.0
0.0
0.0
1.0
4.0
0.9000661646438318
-0.9000661646438318
4.0
5.0
0.3517056528196453
-0.34990500696568794
5.0
6.0
-0.5508818125792574
0.5610275080109274
3.0
6.0
0.94358275067811
-0.94358275067811
6.0
7.0
0.3825552614490032
-0.38105995071903187
7.0
8.0
-0.619062017210121
0.6218465324948931
8.0
2.0
-1.3456742868486806
1.3456742868486808
8.0
9.0
0.7238277727875395
-0.7097825630653414
9.0
4.0
-0.5453847918948604
0.5483605586247674
