30.0
1.0
41.0
1.0
3.0
0.0
0.0
64.0
41.554270733059354
2.0
2.0
21.7
12.7
64.0
55.41639613868291
3.0
1.0
2.4
1.2
0.0
0.0
4.0
1.0
7.6
1.6
0.0
0.0
5.0
1.0
0.0
0.0
0.0
0.0
6.0
1.0
0.0
0.0
0.0
0.0
7.0
1.0
22.8
10.9
0.0
0.0
8.0
1.0
30.0
30.0
0.0
0.0
9.0
1.0
0.0
0.0
0.0
0.0
10.0
1.0
5.8
2.0
0.0
0.0
11.0
1.0
0.0
0.0
0.0
0.0
12.0
1.0
11.2
7.5
0.0
0.0
13.0
2.0
0.0
0.0
32.0
16.23863267312413
14.0
1.0
6.2
1.6
0.0
0.0
15.0
1.0
8.2
2.5
0.0
0.0
16.0
1.0
3.5
1.8
0.0
0.0
17.0
1.0
9.0
5.8
0.0
0.0
18.0
1.0
3.2
0.9
0.0
0.0
19.0
1.0
9.5
3.4
0.0
0.0
20.0
1.0
2.2
0.7
0.0
0.0
21.0
1.0
17.5
11.2
0.0
0.0
22.0
2.0
0.0
0.0
40.0
22.757542674452477
23.0
2.0
3.2
1.6
24.0
16.331583599109443
24.0
1.0
8.7
6.7
0.0
0.0
25.0
1.0
0.0
0.0
0.0
0.0
26.0
1.0
3.5
2.3
0.0
0.0
27.0
2.0
0.0
0.0
44.0
40.01498540218007
28.0
1.0
0.0
0.0
0.0
0.0
29.0
1.0
2.4
0.9
0.0
0.0
30.0
1.0
10.6
1.9
0.0
0.0
1.0
2.0
0.21050070275717728
-0.20958002981810261
1.0
3.0
0.20504200317070495
-0.20283591971505727
2.0
4.0
0.18623732771483234
-0.18390402674900583
3.0
4.0
0.1788767984678401
-0.17852978807948264
2.0
5.0
0.14354680581074022
-0.1424701963438344
2.0
6.0
0.21644134655995323
-0.2134326154734337
4.0
6.0
0.17545456696170936
-0.17509767635451712
5.0
7.0
0.14247019633289118
-0.14138382399980196
6.0
7.0
0.08714225449403902
-0.08664398441143481
6.0
8.0
0.23829157185938316
-0.23720823417331352
6.0
9.0
0.07266549021860452
-0.07266549021860452
6.0
10.0
0.041523137457878515
-0.04152313745787851
9.0
11.0
0.0
0.0
9.0
10.0
0.0726654912095652
-0.0726654912095652
4.0
12.0
0.11087150087815817
-0.11087150087815817
12.0
13.0
-0.16238631973716205
0.16238631973716203
12.0
14.0
0.04687863824079765
-0.046573606168235714
12.0
15.0
0.06073193359028688
-0.0604127161554805
12.0
16.0
0.05324511281503906
-0.05277191264704094
14.0
15.0
-0.01545692848555987
0.01551261462449953
16.0
17.0
0.01775964663516235
-0.017652850193477416
15.0
18.0
0.07230391650444308
-0.07158486156891117
18.0
19.0
0.03951941498065982
-0.039378682719429785
19.0
20.0
-0.0558079527874861
0.05590518542342659
10.0
20.0
0.07852495684504414
-0.07794858532419326
10.0
17.0
0.0725652630248507
-0.07238597438897763
10.0
21.0
-0.04438789200076495
0.04485229051959842
10.0
22.0
-0.05070654347710954
0.051383671596978785
21.0
22.0
-0.22006702266401656
0.22105797961458937
15.0
23.0
-0.10950797545471681
0.11075610577347271
22.0
24.0
-0.04486622472938302
0.045178362828333964
23.0
24.0
0.020519003094540588
-0.02039192457697904
24.0
25.0
-0.11197659850061004
0.11433059435799026
25.0
26.0
0.03547298170143055
-0.035055658854159566
25.0
27.0
-0.14980357599226515
0.1522679554753378
28.0
27.0
-0.11531493910749813
0.11531493910749813
27.0
29.0
0.06157244702505062
-0.06078996084863394
27.0
30.0
0.07099451323876659
-0.06950808388758734
29.0
30.0
0.0367695744934235
-0.03646735349521036
8.0
28.0
-0.06306122071210361
0.06375063078561877
6.0
28.0
-0.05109215985891836
0.05156430954989784
