30.0
1.0
41.0
1.0
3.0
0.0
0.0
64.0
35.99999344710416
2.0
2.0
21.7
12.7
64.0
30.937008609447254
3.0
1.0
2.4
1.2
0.0
0.0
4.0
1.0
7.6
1.6
0.0
0.0
5.0
1.0
0.0
0.0
0.0
0.0
6.0
1.0
0.0
0.0
0.0
0.0
7.0
1.0
22.8
10.9
0.0
0.0
8.0
1.0
30.0
30.0
0.0
0.0
9.0
1.0
0.0
0.0
0.0
0.0
10.0
1.0
5.8
2.0
0.0
0.0
11.0
1.0
0.0
0.0
0.0
0.0
12.0
1.0
11.2
7.5
0.0
0.0
13.0
2.0
0.0
0.0
32.0
35.99999444615882
14.0
1.0
6.2
1.6
0.0
0.0
15.0
1.0
8.2
2.5
0.0
0.0
16.0
1.0
3.5
1.8
0.0
0.0
17.0
1.0
9.0
5.8
0.0
0.0
18.0
1.0
3.2
0.9
0.0
0.0
19.0
1.0
9.5
3.4
0.0
0.0
20.0
1.0
2.2
0.7
0.0
0.0
21.0
1.0
17.5
11.2
0.0
0.0
22.0
2.0
0.0
0.0
40.0
30.137146311055062
23.0
2.0
3.2
1.6
24.0
22.71137318328034
24.0
1.0
8.7
6.7
0.0
0.0
25.0
1.0
0.0
0.0
0.0
0.0
26.0
1.0
3.5
2.3
0.0
0.0
27.0
2.0
0.0
0.0
44.0
35.99999618025217
28.0
1.0
0.0
0.0
0.0
0.0
29.0
1.0
2.4
0.9
0.0
0.0
30.0
1.0
10.6
1.9
0.0
0.0
1.0
2.0
0.22521710491491131
-0.2241662665343293
1.0
3.0
0.13478282985063958
-0.13383110621668706
2.0
4.0
0.0901157066413242
-0.08953996302083082
3.0
4.0
0.10987198557503502
-0.1097415735763559
2.0
5.0
0.10199010940090013
-0.10144078771830907
2.0
6.0
0.12391202785842109
-0.12294024760127578
4.0
6.0
0.16887291663581605
-0.16849249426352356
5.0
7.0
0.1014407878382324
-0.10086343179130347
6.0
7.0
0.12787740085201862
-0.1271643767591381
6.0
8.0
0.23787558961064395
-0.2367949792843908
6.0
9.0
-0.013764395886665086
0.013764395886665087
6.0
10.0
-0.007865369146300687
0.007865369146300687
9.0
11.0
0.0
0.0
9.0
10.0
-0.013764396237125075
0.013764396237125075
4.0
12.0
-0.04569912581654246
0.04569912581654246
12.0
13.0
-0.35999993257854046
0.3599999325785404
12.0
14.0
0.048893908507940065
-0.048553887780065315
12.0
15.0
0.06696141971383279
-0.06653368684697365
12.0
16.0
0.08604334909442098
-0.08498744331858793
14.0
15.0
-0.013476647131136566
0.013525856765548322
16.0
17.0
0.04997517407142093
-0.04958342591970365
15.0
18.0
0.0956829406917858
-0.0944436902470776
18.0
19.0
0.06237824252144883
-0.062056831270588975
19.0
20.0
-0.033129804496095164
0.0331642298090784
10.0
20.0
0.055495601070938504
-0.055207630178713864
10.0
17.0
0.04050925751094388
-0.040455400275141995
10.0
21.0
-0.09534445231430438
0.09571368710920995
10.0
22.0
-0.08048301995665048
0.08110410455390843
21.0
22.0
-0.2709284216455974
0.27195350390501183
15.0
23.0
-0.12477927281641084
0.12636574281375812
22.0
24.0
-0.051686144280036754
0.05205197402472296
23.0
24.0
0.06870725941635122
-0.06799643252111759
24.0
25.0
-0.07124570536591543
0.07277135705163947
25.0
26.0
0.035475510215719375
-0.03505565884511421
25.0
27.0
-0.10824686711155947
0.11011969888728154
28.0
27.0
-0.11731330196518187
0.11731330196518187
27.0
29.0
0.06157244744833794
-0.060789960977567586
27.0
30.0
0.07099451378476491
-0.06950808387248213
29.0
30.0
0.03676957462248528
-0.03646735350964563
8.0
28.0
-0.06347447589434428
0.06416028249997444
6.0
28.0
-0.05269048412869559
0.053153019794033966
