30.0
1.0
41.0
1.0
3.0
0.0
0.0
64.0
32.25312918257636
2.0
2.0
21.7
12.7
64.0
44.4787673471651
3.0
1.0
2.4
1.2
0.0
0.0
4.0
1.0
7.6
1.6
0.0
0.0
5.0
1.0
0.0
0.0
0.0
0.0
6.0
1.0
0.0
0.0
0.0
0.0
7.0
1.0
22.8
10.9
0.0
0.0
8.0
1.0
30.0
30.0
0.0
0.0
9.0
1.0
0.0
0.0
0.0
0.0
10.0
1.0
5.8
2.0
0.0
0.0
11.0
1.0
0.0
0.0
0.0
0.0
12.0
1.0
11.2
7.5
0.0
0.0
13.0
2.0
0.0
0.0
32.0
22.129723323378567
14.0
1.0
6.2
1.6
0.0
0.0
15.0
1.0
8.2
2.5
0.0
0.0
16.0
1.0
3.5
1.8
0.0
0.0
17.0
1.0
9.0
5.8
0.0
0.0
18.0
1.0
3.2
0.9
0.0
0.0
19.0
1.0
9.5
3.4
0.0
0.0
20.0
1.0
2.2
0.7
0.0
0.0
21.0
1.0
17.5
11.2
0.0
0.0
22.0
2.0
0.0
0.0
40.0
27.623171802529434
23.0
2.0
3.2
1.6
24.0
21.56792083181829
24.0
1.0
8.7
6.7
0.0
0.0
25.0
1.0
0.0
0.0
0.0
0.0
26.0
1.0
3.5
2.3
0.0
0.0
27.0
2.0
0.0
0.0
44.0
43.92374329452207
28.0
1.0
0.0
0.0
0.0
0.0
29.0
1.0
2.4
0.9
0.0
0.0
30.0
1.0
10.6
1.9
0.0
0.0
1.0
2.0
0.17592250859346387
-0.17520740737027354
1.0
3.0
0.14660878323474508
-0.14542593092672468
2.0
4.0
0.13037935944248735
-0.12933576656705603
3.0
4.0
0.12146680981147659
-0.1212954088906398
2.0
5.0
0.116554618649396
-0.11581272921411419
2.0
6.0
0.1555425931868125
-0.1539521555950826
4.0
6.0
0.1396426242743737
-0.13930287435270852
5.0
7.0
0.11581272921405843
-0.11499190167461334
6.0
7.0
0.11349307919416635
-0.11303590702327383
6.0
8.0
0.22955831453359907
-0.22852627789313587
6.0
9.0
0.022193872677077904
-0.022193872677077904
6.0
10.0
0.012682212958290192
-0.012682212958290194
9.0
11.0
0.0
0.0
9.0
10.0
0.022193872676875174
-0.022193872676875174
4.0
12.0
0.03488080345130935
-0.03488080345130935
12.0
13.0
-0.221297233226163
0.22129723322616301
12.0
14.0
0.04148871083845552
-0.04126075320497808
12.0
15.0
0.04326433422563699
-0.04313253688992242
12.0
16.0
0.05902285746448929
-0.058405878029187064
14.0
15.0
-0.020769782112641758
0.02086376099545888
16.0
17.0
0.02339360724131668
-0.02321819464973037
15.0
18.0
0.08041158967913216
-0.07945113733557739
18.0
19.0
0.047385689092233584
-0.047157415198450035
19.0
20.0
-0.04802922127777892
0.0481012568508343
10.0
20.0
0.07060198425947761
-0.07014465740385444
10.0
17.0
0.06696759978777354
-0.06682063275868044
10.0
21.0
-0.08624606696170764
0.08647365414384031
10.0
22.0
-0.07464028127886692
0.07505905703126643
21.0
22.0
-0.26168838914198
0.26252019015878486
15.0
23.0
-0.14024697862268556
0.14261997118211678
22.0
24.0
-0.061347529166020986
0.06192995538733409
23.0
24.0
0.041018507580139175
-0.04009766279990232
24.0
25.0
-0.10902245677737832
0.11133846730881004
25.0
26.0
0.03547412998570121
-0.035055658855271
25.0
27.0
-0.1468125972945071
0.14927699542390363
28.0
27.0
-0.15739347671158838
0.1573934767115884
27.0
29.0
0.06157244726257411
-0.06078996092101233
27.0
30.0
0.07099451354514431
-0.06950808387916169
29.0
30.0
0.03676957456586009
-0.03646735350333648
8.0
28.0
-0.07174317744557543
0.07237715568449016
6.0
28.0
-0.08467244941506727
0.08501632102715499
