300.0
1.0
411.0
1.0
1.0
90.0
49.0
0.0
0.0
2.0
1.0
56.0
15.0
0.0
0.0
3.0
1.0
20.0
0.0
0.0
0.0
4.0
1.0
0.0
0.0
0.0
0.0
5.0
1.0
353.0
130.0
0.0
0.0
6.0
1.0
120.0
41.0
0.0
0.0
7.0
1.0
0.0
0.0
0.0
0.0
8.0
2.0
63.0
14.0
80.0
2.0457712878483962E-4
9.0
1.0
96.0
43.0
0.0
0.0
10.0
2.0
153.0
33.0
80.0
1.9826638008070213E-4
11.0
1.0
83.0
21.0
0.0
0.0
12.0
1.0
0.0
0.0
0.0
0.0
13.0
1.0
58.0
10.0
0.0
0.0
14.0
1.0
160.0
60.0
0.0
0.0
15.0
1.0
126.7
23.0
0.0
0.0
16.0
1.0
0.0
0.0
0.0
0.0
17.0
1.0
561.0
220.0
0.0
0.0
19.0
1.0
0.0
0.0
0.0
0.0
20.0
2.0
605.0
120.0
80.0
11.664814003242839
21.0
1.0
77.0
1.0
0.0
0.0
22.0
1.0
81.0
23.0
0.0
0.0
23.0
1.0
21.0
7.0
0.0
0.0
24.0
1.0
0.0
0.0
0.0
0.0
25.0
1.0
45.0
12.0
0.0
0.0
26.0
1.0
28.0
9.0
0.0
0.0
27.0
1.0
69.0
13.0
0.0
0.0
33.0
1.0
55.0
6.0
0.0
0.0
34.0
1.0
0.0
0.0
0.0
0.0
35.0
1.0
0.0
0.0
0.0
0.0
36.0
1.0
0.0
0.0
0.0
0.0
37.0
1.0
85.0
32.0
0.0
0.0
38.0
1.0
155.0
18.0
0.0
0.0
39.0
1.0
0.0
0.0
0.0
0.0
40.0
1.0
46.0
-21.0
0.0
0.0
41.0
1.0
86.0
0.0
0.0
0.0
42.0
1.0
0.0
0.0
0.0
0.0
43.0
1.0
39.0
9.0
0.0
0.0
44.0
1.0
195.0
29.0
0.0
0.0
45.0
1.0
0.0
0.0
0.0
0.0
46.0
1.0
0.0
0.0
0.0
0.0
47.0
1.0
58.0
11.8
0.0
0.0
48.0
1.0
41.0
19.0
0.0
0.0
49.0
1.0
92.0
26.0
0.0
0.0
51.0
1.0
-5.0
5.0
0.0
0.0
52.0
1.0
61.0
28.0
0.0
0.0
53.0
1.0
69.0
3.0
0.0
0.0
54.0
1.0
10.0
1.0
0.0
0.0
55.0
1.0
22.0
10.0
0.0
0.0
57.0
1.0
98.0
20.0
0.0
0.0
58.0
1.0
14.0
1.0
0.0
0.0
59.0
1.0
218.0
106.0
0.0
0.0
60.0
1.0
0.0
0.0
0.0
0.0
61.0
1.0
227.0
110.0
0.0
0.0
62.0
1.0
0.0
0.0
0.0
0.0
63.0
2.0
70.0
30.0
80.0
62.569714296318026
64.0
1.0
0.0
0.0
0.0
0.0
69.0
1.0
0.0
0.0
0.0
0.0
70.0
1.0
56.0
20.0
0.0
0.0
71.0
1.0
116.0
38.0
0.0
0.0
72.0
1.0
57.0
19.0
0.0
0.0
73.0
1.0
224.0
71.0
0.0
0.0
74.0
1.0
0.0
0.0
0.0
0.0
76.0
2.0
208.0
107.0
80.0
99.99968089439363
77.0
1.0
74.0
28.0
0.0
0.0
78.0
1.0
0.0
0.0
0.0
0.0
79.0
1.0
48.0
14.0
0.0
0.0
80.0
1.0
28.0
7.0
0.0
0.0
81.0
1.0
0.0
0.0
0.0
0.0
84.0
2.0
37.0
13.0
380.0
403.7996207578413
85.0
1.0
0.0
0.0
0.0
0.0
86.0
1.0
0.0
0.0
0.0
0.0
87.0
1.0
0.0
0.0
0.0
0.0
88.0
1.0
0.0
0.0
0.0
0.0
89.0
1.0
44.2
0.0
0.0
0.0
90.0
1.0
66.0
0.0
0.0
0.0
91.0
2.0
17.4
0.0
204.0
157.1684572174298
92.0
2.0
15.8
0.0
312.0
285.62733853241895
94.0
1.0
60.3
0.0
0.0
0.0
97.0
1.0
39.9
0.0
0.0
0.0
98.0
2.0
66.7
0.0
134.4
75.8969061961156
99.0
1.0
83.5
0.0
0.0
0.0
100.0
1.0
0.0
0.0
0.0
0.0
102.0
1.0
77.8
0.0
0.0
0.0
103.0
1.0
32.0
0.0
0.0
0.0
104.0
1.0
8.6
0.0
0.0
0.0
105.0
1.0
49.6
0.0
0.0
0.0
107.0
1.0
4.6
0.0
0.0
0.0
108.0
2.0
112.1
0.0
173.60000000000002
141.0949887096659
109.0
1.0
30.7
0.0
0.0
0.0
110.0
1.0
63.0
0.0
0.0
0.0
112.0
1.0
19.6
0.0
0.0
0.0
113.0
1.0
26.2
0.0
0.0
0.0
114.0
1.0
18.2
0.0
0.0
0.0
115.0
1.0
0.0
0.0
0.0
0.0
116.0
1.0
0.0
0.0
0.0
0.0
117.0
1.0
0.0
0.0
0.0
0.0
118.0
1.0
14.1
650.0
0.0
0.0
119.0
2.0
0.0
0.0
1624.0
1985.5914599536086
120.0
1.0
777.0
215.0
0.0
0.0
121.0
1.0
535.0
55.0
0.0
0.0
122.0
1.0
229.1
11.8
0.0
0.0
123.0
1.0
78.0
1.4
0.0
0.0
124.0
2.0
276.4
59.3
272.0
249.60737395684745
125.0
2.0
514.8
82.7
80.0
93.4265706007936
126.0
1.0
57.9
5.1
0.0
0.0
127.0
1.0
380.8
37.0
0.0
0.0
128.0
1.0
0.0
0.0
0.0
0.0
129.0
1.0
0.0
0.0
0.0
0.0
130.0
1.0
0.0
0.0
0.0
0.0
131.0
1.0
0.0
0.0
0.0
0.0
132.0
1.0
0.0
0.0
0.0
0.0
133.0
1.0
0.0
0.0
0.0
0.0
134.0
1.0
0.0
0.0
0.0
0.0
135.0
1.0
169.2
41.6
0.0
0.0
136.0
1.0
55.2
18.2
0.0
0.0
137.0
1.0
273.6
99.8
0.0
0.0
138.0
2.0
1019.2
135.2
80.0
2.2170708765919356
139.0
1.0
595.0
83.3
0.0
0.0
140.0
1.0
387.7
114.7
0.0
0.0
141.0
2.0
145.0
58.0
304.8
277.79382295465086
142.0
1.0
56.5
24.5
0.0
0.0
143.0
2.0
89.5
35.5
636.8000000000001
659.2717751747938
144.0
1.0
0.0
0.0
0.0
0.0
145.0
1.0
24.0
14.0
0.0
0.0
146.0
2.0
0.0
0.0
147.20000000000002
80.07121211247083
147.0
2.0
0.0
0.0
253.60000000000002
198.73154454040787
148.0
1.0
63.0
25.0
0.0
0.0
149.0
2.0
0.0
0.0
162.4
96.60919751428547
150.0
1.0
0.0
0.0
0.0
0.0
151.0
1.0
0.0
0.0
0.0
0.0
152.0
2.0
17.0
9.0
377.6
340.8205112124856
153.0
2.0
0.0
0.0
252.8
199.33667894861898
154.0
1.0
70.0
5.0
0.0
0.0
155.0
1.0
200.0
50.0
0.0
0.0
156.0
2.0
75.0
50.0
80.0
2.4799800262152955E-4
157.0
1.0
123.5
-24.3
0.0
0.0
158.0
1.0
0.0
0.0
0.0
0.0
159.0
1.0
33.0
16.5
0.0
0.0
160.0
1.0
0.0
0.0
0.0
0.0
161.0
1.0
35.0
15.0
0.0
0.0
162.0
1.0
85.0
24.0
0.0
0.0
163.0
1.0
0.0
0.4
0.0
0.0
164.0
1.0
0.0
0.0
0.0
0.0
165.0
1.0
0.0
0.0
0.0
0.0
166.0
1.0
0.0
0.0
0.0
0.0
167.0
1.0
299.9
95.7
0.0
0.0
168.0
1.0
0.0
0.0
0.0
0.0
169.0
1.0
0.0
0.0
0.0
0.0
170.0
2.0
481.8
205.0
244.0
199.60609843920702
171.0
2.0
763.6
291.1
80.0
44.69346013638832
172.0
1.0
26.5
0.0
0.0
0.0
173.0
1.0
163.5
43.0
0.0
0.0
174.0
1.0
0.0
0.0
0.0
0.0
175.0
1.0
176.0
83.0
0.0
0.0
176.0
2.0
5.0
4.0
262.40000000000003
196.03754822769676
177.0
2.0
28.0
12.0
147.20000000000002
79.76019971906476
178.0
1.0
427.4
173.6
0.0
0.0
179.0
1.0
74.0
29.0
0.0
0.0
180.0
1.0
69.5
49.3
0.0
0.0
181.0
1.0
73.4
0.0
0.0
0.0
182.0
1.0
240.7
89.0
0.0
0.0
183.0
1.0
40.0
4.0
0.0
0.0
184.0
1.0
136.8
16.6
0.0
0.0
185.0
2.0
0.0
0.0
240.0
203.25462267653327
186.0
2.0
59.8
24.3
1040.0
1176.8310377320604
187.0
2.0
59.8
24.3
1040.0
1181.0343716125785
188.0
1.0
182.6
43.6
0.0
0.0
189.0
1.0
7.0
2.0
0.0
0.0
190.0
2.0
0.0
0.0
460.0
507.6688633622389
191.0
2.0
489.0
53.0
1658.4
1867.9550545462148
192.0
1.0
800.0
72.0
0.0
0.0
193.0
1.0
0.0
0.0
0.0
0.0
194.0
1.0
0.0
0.0
0.0
0.0
195.0
1.0
0.0
0.0
0.0
0.0
196.0
1.0
10.0
3.0
0.0
0.0
197.0
1.0
43.0
14.0
0.0
0.0
198.0
2.0
64.0
21.0
419.20000000000005
440.805707121733
199.0
1.0
35.0
12.0
0.0
0.0
200.0
1.0
27.0
12.0
0.0
0.0
201.0
1.0
41.0
14.0
0.0
0.0
202.0
1.0
38.0
13.0
0.0
0.0
203.0
1.0
42.0
14.0
0.0
0.0
204.0
1.0
72.0
24.0
0.0
0.0
205.0
1.0
0.0
-5.0
0.0
0.0
206.0
1.0
12.0
2.0
0.0
0.0
207.0
1.0
-21.0
-14.2
0.0
0.0
208.0
1.0
7.0
2.0
0.0
0.0
209.0
1.0
38.0
13.0
0.0
0.0
210.0
1.0
0.0
0.0
0.0
0.0
211.0
1.0
96.0
7.0
0.0
0.0
212.0
1.0
0.0
0.0
0.0
0.0
213.0
2.0
0.0
0.0
297.6
275.0851888234893
214.0
1.0
22.0
16.0
0.0
0.0
215.0
1.0
47.0
26.0
0.0
0.0
216.0
1.0
176.0
105.0
0.0
0.0
217.0
1.0
100.0
75.0
0.0
0.0
218.0
1.0
131.0
96.0
0.0
0.0
219.0
1.0
0.0
0.0
0.0
0.0
220.0
2.0
285.0
100.0
160.0
108.26388030325325
221.0
2.0
171.0
70.0
440.0
487.8226593236418
222.0
2.0
328.0
188.0
280.0
269.82458910946025
223.0
1.0
428.0
232.0
0.0
0.0
224.0
1.0
173.0
99.0
0.0
0.0
225.0
1.0
410.0
40.0
0.0
0.0
226.0
1.0
0.0
0.0
0.0
0.0
227.0
2.0
538.0
369.0
322.40000000000003
328.6858230642467
228.0
1.0
223.0
148.0
0.0
0.0
229.0
1.0
96.0
46.0
0.0
0.0
230.0
2.0
0.0
0.0
356.0
361.02949807624094
231.0
1.0
159.0
107.0
0.0
0.0
232.0
1.0
448.0
143.0
0.0
0.0
233.0
2.0
404.0
212.0
320.0
325.9854134411448
234.0
1.0
572.0
244.0
0.0
0.0
235.0
1.0
269.0
157.0
0.0
0.0
236.0
2.0
0.0
0.0
560.0
634.8108653641034
237.0
1.0
0.0
0.0
0.0
0.0
238.0
2.0
255.0
149.0
280.0
265.8144560897472
239.0
2.0
0.0
0.0
520.0
578.4172052556868
240.0
1.0
0.0
0.0
0.0
0.0
241.0
2.0
0.0
0.0
540.3439999999999
612.7419311231957
242.0
2.0
0.0
0.0
216.0
176.27726859996645
243.0
2.0
8.0
3.0
147.20000000000002
85.65073195265616
244.0
1.0
0.0
0.0
0.0
0.0
245.0
1.0
61.0
30.0
0.0
0.0
246.0
1.0
77.0
33.0
0.0
0.0
247.0
1.0
61.0
30.0
0.0
0.0
248.0
1.0
29.0
14.0
0.0
0.0
249.0
1.0
29.0
14.0
0.0
0.0
250.0
1.0
-23.0
-17.0
0.0
0.0
281.0
1.0
-33.1
-29.4
0.0
0.0
319.0
1.0
115.8
-24.0
0.0
0.0
320.0
1.0
2.4
-12.6
0.0
0.0
322.0
1.0
2.4
-3.9
0.0
0.0
323.0
1.0
-14.9
26.5
0.0
0.0
324.0
1.0
24.7
-1.2
0.0
0.0
526.0
1.0
145.3
-34.9
0.0
0.0
528.0
1.0
28.1
-20.5
0.0
0.0
531.0
1.0
14.0
2.5
0.0
0.0
552.0
1.0
-11.1
-1.4
0.0
0.0
562.0
1.0
50.5
17.4
0.0
0.0
609.0
1.0
29.6
0.6
0.0
0.0
664.0
1.0
-113.7
76.7
0.0
0.0
1190.0
1.0
100.31
29.17
0.0
0.0
1200.0
1.0
-100.0
34.17
0.0
0.0
1201.0
1.0
0.0
0.0
0.0
0.0
2040.0
1.0
0.0
0.0
0.0
0.0
7001.0
2.0
0.0
0.0
453.6
435.80745945529395
7002.0
2.0
0.0
0.0
578.4
558.3555971599092
7003.0
2.0
0.0
0.0
1048.0
1142.0091731974217
7011.0
2.0
0.0
0.0
267.2
224.92838391868193
7012.0
2.0
0.0
0.0
377.6
355.5774134778513
7017.0
2.0
0.0
0.0
344.0
388.1677072645251
7023.0
2.0
0.0
0.0
228.0
166.38094204810488
7024.0
2.0
0.0
0.0
408.0
384.5471554673818
7039.0
2.0
0.0
0.0
480.0
516.3692269088031
7044.0
2.0
0.0
0.0
109.60000000000001
39.93089615986797
7049.0
3.0
0.0
0.0
1919.2040000000002
72.86623131808054
7055.0
2.0
0.0
0.0
116.0
47.91365307136344
7057.0
2.0
0.0
0.0
212.0
159.30057402618002
7061.0
2.0
0.0
0.0
400.0
375.90992718725056
7062.0
2.0
0.0
0.0
400.0
379.89526207068394
7071.0
2.0
0.0
0.0
172.8
137.65712908292747
7130.0
2.0
0.0
0.0
1113.6000000000001
1223.3918358521237
7139.0
2.0
0.0
0.0
640.0
716.793305933659
7166.0
2.0
0.0
0.0
522.4
491.6683358183759
9001.0
1.0
0.0
0.0
0.0
0.0
9002.0
2.0
4.2
0.0
80.0
28.2135558366029
9003.0
1.0
2.71
0.94
0.0
0.0
9004.0
1.0
0.86
0.28
0.0
0.0
9005.0
1.0
0.0
0.0
0.0
0.0
9006.0
1.0
0.0
0.0
0.0
0.0
9007.0
1.0
0.0
0.0
0.0
0.0
9012.0
1.0
0.0
0.0
0.0
0.0
9021.0
1.0
4.75
1.56
0.0
0.0
9022.0
1.0
1.53
0.53
0.0
0.0
9023.0
1.0
0.0
0.0
0.0
0.0
9024.0
1.0
1.35
0.47
0.0
0.0
9025.0
1.0
0.45
0.16
0.0
0.0
9026.0
1.0
0.45
0.16
0.0
0.0
9031.0
1.0
1.84
0.64
0.0
0.0
9032.0
1.0
1.39
0.48
0.0
0.0
9033.0
1.0
1.89
0.65
0.0
0.0
9034.0
1.0
1.55
0.54
0.0
0.0
9035.0
1.0
1.66
0.58
0.0
0.0
9036.0
1.0
3.03
1.0
0.0
0.0
9037.0
1.0
1.86
0.64
0.0
0.0
9038.0
1.0
2.58
0.89
0.0
0.0
9041.0
1.0
1.01
0.35
0.0
0.0
9042.0
1.0
0.81
0.28
0.0
0.0
9043.0
1.0
1.6
0.52
0.0
0.0
9044.0
1.0
0.0
0.0
0.0
0.0
9051.0
2.0
35.81
0.0
80.0
53.73668269002232
9052.0
1.0
30.0
23.0
0.0
0.0
9053.0
2.0
26.48
0.0
80.0
50.29382055753746
9054.0
2.0
0.0
0.0
120.0
53.236556926128706
9055.0
2.0
0.0
0.0
86.4
8.518897512726337
9071.0
1.0
1.02
0.35
0.0
0.0
9072.0
1.0
1.02
0.35
0.0
0.0
9121.0
1.0
3.8
1.25
0.0
0.0
9533.0
1.0
1.19
0.41
0.0
0.0
37.0
9001.0
1.875413514485202
-1.8558575140606346
9001.0
9005.0
-0.7174112494064677
0.717839495841762
9001.0
9006.0
0.2511997513687877
-0.24974550227786405
9001.0
9012.0
-0.1121733876032208
0.11260352476227249
9005.0
9051.0
-0.18194020788920437
0.18244069976239222
9005.0
9052.0
0.2765560882314346
-0.2753197892194573
9005.0
9053.0
-0.2287300625477591
0.22956868276111275
9005.0
9054.0
-0.5555234410553681
0.5555234410553681
9005.0
9055.0
-0.0888946897879549
0.08889468978795488
9006.0
9007.0
0.09482194187912296
-0.09431096840108832
9006.0
9003.0
0.08404506930311441
-0.08324749457024329
9006.0
9003.0
0.08404506930311441
-0.08324749457024329
9012.0
9002.0
-0.07567079403504853
0.0760831085433353
9012.0
9002.0
-0.07567079403504853
0.0760831085433353
9002.0
9021.0
0.07360596166814397
-0.07330274637922887
9021.0
9023.0
0.009555015060839804
-0.009447479688330117
9021.0
9022.0
0.016252261390607384
-0.016126635418896224
9002.0
9024.0
0.014320234654887867
-0.014209765719119461
9023.0
9025.0
0.004726354433293912
-0.004710133056262804
9023.0
9026.0
0.004721125074113497
-0.004706297897104798
9007.0
9071.0
0.010733854411141526
-0.010677864104391081
9007.0
9072.0
0.010752981333575919
-0.010714045484027445
9007.0
9003.0
0.07282413233446602
-0.0725225332283955
9003.0
9031.0
0.019656067553785152
-0.019321702370428646
9003.0
9032.0
0.014769001455817624
-0.014575187996393228
9003.0
9033.0
0.02019236844512014
-0.019828835280729405
9003.0
9044.0
0.04409152579528294
-0.04393148482698062
9044.0
9004.0
0.043931484925753835
-0.04384836253588673
9004.0
9041.0
0.010632067255864582
-0.010585263352677019
9004.0
9042.0
0.008582425855045709
-0.008492990364457473
9004.0
9043.0
0.01602852142698617
-0.015983098630454207
9003.0
9034.0
0.016399498024107218
-0.01634658830697435
9003.0
9035.0
0.017677760375069948
-0.017482697272363037
9003.0
9036.0
0.03050815238918811
-0.03034500410578666
9003.0
9037.0
0.019744839940962714
-0.01957479915606105
9003.0
9038.0
0.027480771070596474
-0.027093328402695717
9012.0
9121.0
0.03830427551329048
-0.037937797267069535
9053.0
9533.0
0.012457122003805575
-0.012457122003805575
1.0
5.0
3.8559382526139885
-3.841705297452659
2.0
6.0
1.4572618550012222
-1.455273035351508
2.0
8.0
3.2866435105581964
-3.2277124239933315
3.0
7.0
3.1016249102017253
-3.1016249102017253
3.0
19.0
1.3565486661834736
-1.3421217379983774
3.0
150.0
1.0579406563415747
-1.054950897574678
4.0
16.0
5.555685548001782
-5.499211050826751
5.0
9.0
1.1612464234762838
-1.1535373661516617
7.0
12.0
1.996250045165762
-1.9919660539455848
7.0
131.0
0.5089229678316964
-0.5076558709077601
8.0
11.0
0.11789747528382155
-0.1177277589508924
8.0
14.0
2.4792511367861545
-2.403911308928297
9.0
11.0
0.18956876793844946
-0.18889812797052924
11.0
13.0
1.5297224281642616
-1.512092263648707
12.0
21.0
4.209501516782505
-4.17301684962256
13.0
20.0
0.9313493048337206
-0.9262119609081665
14.0
15.0
0.8031233013542045
-0.7828781772173414
15.0
37.0
0.23297001883476962
-0.22958886574598103
15.0
89.0
0.15425093426890968
-0.1517966404904348
15.0
90.0
0.12791741137594523
-0.12638626431254127
16.0
42.0
2.7076407713969624
-2.6934588412896314
19.0
21.0
-0.14090681446173464
0.14140262481335764
19.0
87.0
1.4830285509873373
-1.452907645116527
20.0
22.0
-0.05760240204528333
0.058401930120815404
20.0
27.0
0.27804903932767555
-0.2726950666335465
21.0
24.0
-1.9793771219380618
1.9959658715855957
22.0
23.0
-0.8693958460130962
0.9076888415451255
23.0
25.0
1.2270659807582296
-1.2013962600305763
24.0
319.0
1.1686971870967593
-1.1590971519115256
25.0
26.0
0.750412652169632
-0.7314431991201642
26.0
27.0
0.42641942182023995
-0.41840220775763015
26.0
320.0
0.024731330246054367
-0.023983317143360106
33.0
34.0
-1.5169920064590245
1.5169920064590245
33.0
38.0
0.9325124816654032
-0.9304560862787
33.0
40.0
0.5032972709530401
-0.5018947487884149
33.0
41.0
-0.46952308316747743
0.4709472909967624
34.0
42.0
-1.5169920148917662
1.519115218159964
35.0
72.0
0.48158606193997056
-0.4788726325641977
35.0
76.0
0.7329236144088687
-0.7291381361043313
35.0
77.0
-0.5293292183852156
0.5321400686273623
36.0
88.0
-0.685180457999176
0.6871684559564978
37.0
38.0
0.2868410428519995
-0.28621461727730446
37.0
40.0
0.23996947301128366
-0.23854404502726903
37.0
41.0
-0.49471259132389644
0.49707295858945066
37.0
49.0
0.055886181367406716
-0.05575220226509333
37.0
89.0
-0.059741427165626936
0.06011158623600047
37.0
90.0
-0.0845423123222879
0.0848652132070163
38.0
41.0
-0.8406802876330918
0.8459356597875501
38.0
43.0
0.5082678612453998
-0.5006016687485059
39.0
42.0
5.163692271393823
-5.1494533230239465
40.0
48.0
0.2805556279953408
-0.2784776032195936
41.0
42.0
-3.027654136061569
3.027654136061569
41.0
49.0
0.11921566190156986
-0.11826626890126217
41.0
51.0
0.23653690569409125
-0.23470453235130842
42.0
46.0
3.296142801644594
-3.2764730680791354
43.0
44.0
-0.24069317058157946
0.24223406847763798
43.0
48.0
0.005205975946767556
-0.005197046549682716
43.0
53.0
0.3457453760236545
-0.34426128868938854
44.0
47.0
0.867390184143555
-0.8482724244690174
44.0
54.0
0.06398815044456481
-0.06378137500946993
45.0
60.0
-1.7474248926959222
1.766875860336082
45.0
74.0
1.2437640782229977
-1.2308357462541735
46.0
81.0
1.0562192223376095
-1.0511874341097016
47.0
73.0
-0.09261043800387825
0.09305392475304372
47.0
113.0
0.3606199386683751
-0.3550100896846602
48.0
107.0
-0.1264541346572756
0.1269685063450593
49.0
51.0
-0.01812400511254121
0.01813424860942076
51.0
52.0
0.2666137049479327
-0.2637116970081613
52.0
55.0
-0.34609961186872734
0.3497366999033579
53.0
54.0
-0.34610131132377214
0.3489853698964675
54.0
55.0
-0.38524305846781787
0.3905395263385845
55.0
57.0
-0.4814000193249107
0.4966804727911442
57.0
58.0
-0.057163132181702124
0.061019273487594644
57.0
63.0
0.171872553018721
-0.16744092114841436
58.0
59.0
-0.20125235009979053
0.20238136998528838
59.0
61.0
-2.381709727533008
2.3937758480542715
60.0
62.0
-1.7668758601706576
1.7933643929729062
62.0
64.0
1.4477660821555194
-1.4169458449782804
62.0
144.0
-0.34535950587590425
0.3457174713288389
63.0
526.0
1.5096998113896634
-1.45334143218527
69.0
211.0
-0.2959677205694317
0.30070927376039336
69.0
79.0
-0.16123126525747794
0.16283495249147387
70.0
71.0
-0.8441798079603392
0.8676375232234577
70.0
528.0
0.2836607223715234
-0.28115961606675677
71.0
72.0
-0.271929958348093
0.2751401640647678
71.0
73.0
-0.3795190460364447
0.3851438461862735
72.0
77.0
-0.507391874585312
0.512005039559012
72.0
531.0
0.14017078096503932
-0.1396536935551128
73.0
76.0
-0.2338748340820085
0.23596189253890473
73.0
79.0
-0.5819482181525664
0.5880225179281756
74.0
88.0
-1.1833504858641342
1.1890478648416247
74.0
562.0
0.5130065634560718
-0.5059079942298041
76.0
77.0
-0.5891317681161071
0.5950876033708582
77.0
78.0
-2.5417325161244992
2.5482254889149947
77.0
80.0
-0.031539379764125894
0.03155317993133313
77.0
552.0
-0.10991963081652378
0.11101093852671345
77.0
609.0
0.30273324925045214
-0.2958487021219697
78.0
79.0
1.1199579464095453
-1.1127397018292988
78.0
84.0
-3.66818343537037
3.66818343537037
79.0
211.0
-0.11842568428406304
0.11976588163072788
80.0
211.0
-0.31129109140498
0.31334534349153764
81.0
194.0
-0.8316651084077994
0.8338315898807082
81.0
195.0
0.006636221815083237
-0.006545885743199767
85.0
86.0
-0.7357388348970331
0.7399685615997971
86.0
87.0
-0.9190701556020405
0.9292743720417397
86.0
323.0
-0.14856097587371586
0.14897235231550773
89.0
91.0
-0.3509532619408423
0.356306380663706
90.0
92.0
-0.6183408045163148
0.6296665610851937
91.0
94.0
0.13312972532883902
-0.12988117845620537
91.0
97.0
0.9083957712277498
-0.8921075163937324
92.0
103.0
0.7484617117957542
-0.7389295311985011
92.0
105.0
1.3202820707720004
-1.2938004968797998
94.0
97.0
0.049885070033256304
-0.046963069118121106
97.0
100.0
0.3675277828789069
-0.3647096900581809
97.0
102.0
0.35807819196628815
-0.3535251035986645
97.0
103.0
-0.18568627618880865
0.18724628506301103
98.0
100.0
-0.013388932784774479
0.01344814062920549
98.0
102.0
0.10511820234591855
-0.1047154036620818
99.0
107.0
-0.4145504102084963
0.4236493766355971
99.0
108.0
-0.2736085424769518
0.2737573485241129
99.0
109.0
0.21820467789669945
-0.2161150435688848
99.0
110.0
0.3690440999934455
-0.36242239376437313
100.0
102.0
0.35126154953806255
-0.34940859147680664
102.0
104.0
0.3567255526869654
-0.3504691064672947
103.0
105.0
0.230997407091299
-0.23005373435761775
104.0
108.0
0.24038412581139637
-0.23572295561481899
104.0
322.0
0.02410638750983463
-0.023990582130516577
105.0
107.0
0.6007209321427103
-0.5966818513712299
105.0
110.0
0.42651221539174694
-0.3998304817532895
108.0
324.0
0.25156591339002876
-0.24701179083558847
109.0
110.0
-0.049910322872066724
0.05016334735841683
109.0
113.0
-0.09178045288730649
0.09283705561634706
109.0
114.0
0.05056905218952771
-0.05025973229764683
110.0
112.0
0.08247400915331943
-0.08136392053638916
112.0
114.0
-0.1145199701153927
0.11474275381192338
115.0
122.0
0.6674706534667837
-0.6637517480923127
116.0
120.0
-0.6772596192139289
0.6788571083604322
117.0
118.0
-5.245179081299072
5.24914752635785
118.0
119.0
-6.122325224322431
6.122325224322431
118.0
1201.0
0.2695946601382338
-0.2695946601382338
1201.0
120.0
0.2695946610876981
-0.26959466108769814
118.0
121.0
0.4625162889622012
-0.4619349321017566
119.0
120.0
7.179641835886323
-7.179641835886323
119.0
121.0
5.548906412714925
-5.548906412714926
122.0
123.0
0.17466307152587873
-0.1700784167088465
122.0
125.0
0.15834934272912335
-0.15390193946540187
123.0
124.0
-0.6899271003932734
0.7068539100973075
123.0
125.0
0.08026490695579672
-0.07914548837898833
125.0
126.0
-3.9807430828972024
3.9902231145789377
126.0
127.0
-0.28378745329708177
0.28450456917983846
126.0
129.0
-0.9767438775778807
0.9876694372128076
126.0
132.0
-1.3602433792679371
1.3973116458366321
126.0
157.0
-0.6414834008385363
0.6440966112316857
126.0
158.0
-0.7450795937482517
0.749359321587368
126.0
169.0
-0.5623832136650511
0.5684421380219266
127.0
128.0
-1.5094115384592197
1.5227267263076047
127.0
134.0
-1.0800881162817988
1.0858213282186284
127.0
168.0
-1.5028343281147818
1.516032327099511
128.0
130.0
-2.277832080393173
2.3173816653958226
128.0
133.0
0.7551053359858889
-0.7536630779765019
129.0
130.0
-2.2332472046913883
2.2701619224141965
129.0
133.0
1.2455777387238882
-1.2424051642792455
130.0
132.0
2.619814464956549
-2.6089755072400216
130.0
151.0
1.6135293739330872
-1.6085704763456812
130.0
167.0
2.685706187995796
-2.629405060114523
130.0
168.0
2.289931462047686
-2.251303343724507
133.0
137.0
-5.42219398517562
5.4790771862995475
133.0
168.0
-0.7339033027232909
0.7352709987417931
133.0
169.0
0.9405828213054201
-0.9382234665179783
133.0
171.0
7.211582672241528
-7.200670328013413
134.0
135.0
-0.43192523176553993
0.43270275135806363
134.0
184.0
-0.6538960946415624
0.6555107739336923
135.0
136.0
-2.123828666741499
2.1630784717896243
136.0
137.0
0.5074632299749804
-0.5045662709838739
136.0
152.0
-3.223378816960522
3.2769865014548527
137.0
140.0
3.483641219055291
-3.4670365549804916
137.0
181.0
-0.810785074956064
0.8115102166101097
137.0
186.0
-4.614922471875011
4.628628113646642
137.0
188.0
-4.108596027348566
4.116450681176021
139.0
172.0
0.2258371862360118
-0.22263923115572506
140.0
141.0
-0.7066781854618653
0.7122965139633326
140.0
142.0
-0.006048302890848914
0.006937189537242329
140.0
145.0
-0.11991837150598844
0.12128428619170989
140.0
146.0
-0.42513430778390726
0.43233274954491324
140.0
147.0
-0.5644150579485693
0.5790160300958859
140.0
182.0
1.410843453272544
-1.4080800179009128
141.0
146.0
-0.3093292152782576
0.31187221684389144
142.0
143.0
-2.2584886974487706
2.2880559951989805
143.0
145.0
1.1413256126735671
-1.1311979173989837
143.0
149.0
-0.2306728486636413
0.23151776542865782
145.0
146.0
-1.4321881400559502
1.4518700808366682
145.0
149.0
-0.7225468990053437
0.7345742098599762
146.0
147.0
-1.3953629233563658
1.4082994179897055
148.0
178.0
1.0232743508052387
-0.9623222800344037
148.0
179.0
0.4917080575576668
-0.46096574251922995
152.0
153.0
-0.038815674072406006
0.03913176357330896
153.0
161.0
1.096234909067581
-1.0900936932390812
154.0
156.0
-0.26147780351344435
0.27880566161735865
154.0
183.0
-0.4378071021352123
0.4560259175825568
155.0
161.0
-0.7344875067106025
0.7400039206925674
157.0
159.0
-3.845386444611508
3.857143568088826
158.0
159.0
-1.0536525859771517
1.057480018182747
158.0
160.0
0.30429326040549115
-0.3036982637352674
162.0
164.0
4.021815194162069
-3.984557994870927
162.0
165.0
-4.872306897815812
4.912239535139312
163.0
164.0
-1.665590797740967
1.6815992349832307
165.0
166.0
-4.912239544896087
4.916683354244091
167.0
169.0
-0.3683243700379486
0.36978132291334015
172.0
173.0
0.26819487328093555
-0.26341787625209184
172.0
174.0
-0.31084066893734424
0.31619734427284385
173.0
174.0
-0.5800820498203126
0.6078311085545405
173.0
175.0
-0.2835790402492085
0.2907434833492683
173.0
176.0
-0.5087966258987595
0.5588870615264058
175.0
176.0
-0.4907702946903706
0.5138476436796463
175.0
179.0
0.11696790989751643
-0.11585325407015963
176.0
177.0
0.8375620650723328
-0.8192333135032003
177.0
178.0
1.336717054791322
-1.2913323920935618
178.0
179.0
0.1682732549379262
-0.1645921429845744
178.0
180.0
-2.1879391429641135
2.224191799965517
181.0
138.0
4.818873649333106
-4.810439937844228
181.0
187.0
-6.364359028354062
6.379129302097819
184.0
185.0
-2.0227384298533733
2.0325462230276745
186.0
188.0
6.540360081495578
-6.513494318699015
187.0
188.0
4.832697570634416
-4.8178884809512335
188.0
138.0
5.390213496969796
-5.379694485148971
189.0
208.0
0.23466751530195157
-0.23294785499307522
189.0
209.0
-0.11604762792421615
0.11667888932643201
190.0
231.0
5.7182183325491796
-5.7050936795719975
190.0
240.0
-0.331273149651302
0.331273149651302
191.0
192.0
7.762988620666629
-7.5801068384184145
192.0
225.0
-0.41368160612908045
0.41532640256916875
193.0
205.0
0.3087158681623866
-0.3047130712432467
193.0
208.0
-0.045398896662079996
0.04549661159714318
194.0
219.0
0.30127614177879286
-0.3009707229455511
194.0
664.0
-1.1351077317380576
1.1386933206389653
195.0
219.0
-0.660297244359259
0.6615271750950836
196.0
197.0
-0.6146649409622891
0.6205302716221822
196.0
210.0
-0.17028880921432274
0.17118669430849415
197.0
198.0
-0.9492065546700986
0.9582919509925913
197.0
211.0
-0.10175682982922815
0.10215536472058029
198.0
202.0
0.12067408885211045
-0.1162442834555587
198.0
203.0
0.7577335453695899
-0.7528128258379582
198.0
210.0
0.9338616585621046
-0.9168803319335522
198.0
211.0
0.49335630870317077
-0.4858222581733151
199.0
200.0
-0.02373380039616309
0.023786857635022838
199.0
210.0
-0.3265249367340303
0.33128243832257176
200.0
210.0
-0.22176495796775939
0.22581300546449543
201.0
204.0
0.0466177774266513
-0.046349875987421345
203.0
211.0
0.3323883783440498
-0.3313556318727606
204.0
205.0
-0.25626655652964403
0.25955178228979703
205.0
206.0
0.04516128893753542
-0.04388600340537109
206.0
207.0
0.03759198403978038
-0.03638070735873836
206.0
208.0
-0.11383898175284617
0.11749058891891641
212.0
215.0
-0.5813995525484127
0.5877617733318837
213.0
214.0
2.750851878515883
-2.7330044708987473
214.0
215.0
2.595980946067311
-2.584868738454174
214.0
242.0
-0.08303200122646187
0.08313691633517252
215.0
216.0
1.5268350207956911
-1.5156294347541082
216.0
217.0
-0.24543862180790846
0.24704375634950543
217.0
218.0
0.14651944097342792
-0.14651944097342792
217.0
219.0
-1.0144649867457087
1.015833296463498
217.0
220.0
-0.3804798317448734
0.38089301964596467
219.0
237.0
-2.0773920390562486
2.079511805828033
220.0
218.0
0.46660760489837366
-0.4656935550811865
220.0
221.0
0.673405121877796
-0.6729186659849073
220.0
238.0
-3.2892526017167083
3.3058979020701957
221.0
223.0
3.839126169873897
-3.833458966966604
222.0
237.0
-0.584177325623187
0.5853825122003943
224.0
225.0
-1.4340620597267386
1.4637491468780264
224.0
226.0
-0.7433943137082254
0.7469594079303992
225.0
191.0
-5.9826122994722475
6.019975211696284
226.0
231.0
-0.7469594066557231
0.7474785233899406
227.0
231.0
-2.0989003974906097
2.1031317095066555
228.0
229.0
-2.3182796611109344
2.3280129684514255
228.0
231.0
0.13437873231917405
-0.13425851017654988
228.0
234.0
-0.04792090018881029
0.04795286371216215
229.0
190.0
0.3102565405110576
-0.3102565405110576
231.0
232.0
5.2757237582122825
-5.270425114718684
231.0
237.0
-3.877634727760484
3.87984433042499
232.0
233.0
0.7903196156838271
-0.789186019404482
234.0
235.0
0.12304662658919904
-0.12304322768974829
234.0
237.0
0.43684713715659423
-0.43634647360960266
235.0
238.0
-2.567149756991965
2.5685883727948275
241.0
237.0
6.127419269661993
-6.108392108540461
240.0
281.0
-0.331273149669886
0.3313306627258759
242.0
245.0
0.6768257067761214
-0.6727607368636825
242.0
247.0
1.0028100643453652
-0.9916815236932807
243.0
244.0
0.5775519106989443
-0.5729731006234158
243.0
245.0
0.19878268726746331
-0.1970209699114939
244.0
246.0
0.5729731006716979
-0.565942644255569
245.0
246.0
0.19562553207635897
-0.19496436140619874
245.0
247.0
0.06395735530874426
-0.06380539549481337
246.0
247.0
-0.008361032462642238
0.008477062839138991
247.0
248.0
0.43694218773702653
-0.4269700766484015
248.0
249.0
0.06481084763903024
-0.06465990802844893
249.0
250.0
-0.22558126416423377
0.23006771116078387
3.0
1.0
0.3777086406906446
-0.3777086406906446
3.0
2.0
-0.23920549656753406
0.23920549656753406
3.0
4.0
5.394570666488794
-5.394570666488794
7.0
5.0
0.8082908628269481
-0.8082908628269481
7.0
6.0
-0.24567239084022255
0.24567239084022258
10.0
11.0
-0.20590153211339407
0.20590153211339407
12.0
10.0
1.3181650930745366
-1.3181650930745366
15.0
17.0
0.9867535346728242
-0.9425385733953413
16.0
15.0
2.6879456473231067
-2.681305815654692
21.0
20.0
4.987977657920025
-4.987977657920025
24.0
23.0
0.6420024127333261
-0.6420024127333261
36.0
35.0
0.6920322625252598
-0.69203226252526
45.0
44.0
2.7457059888266153
-2.7457059888266153
45.0
46.0
-2.220253851926086
2.220253851926086
62.0
61.0
0.8806021102972319
-0.8806021102972319
63.0
64.0
-1.4410339242245476
1.4410339242245476
73.0
74.0
-1.9011796687226963
1.9011796687226963
81.0
88.0
1.8762163207811797
-1.8762163207811797
85.0
99.0
0.7357388356073721
-0.735738835607372
86.0
102.0
0.327662568218385
-0.327662568218385
87.0
94.0
0.5314877665267101
-0.5314877665267101
114.0
207.0
-0.23857396890678279
0.2385739689067828
116.0
124.0
0.8516538967296784
-0.8481129225549733
121.0
115.0
0.7008441788593325
-0.7008441788593325
122.0
157.0
-1.9634586506509977
1.965562428158723
130.0
131.0
-0.5341555100718776
0.5341555100718776
130.0
150.0
-1.1100193369694487
1.1100193369694487
132.0
170.0
1.302963255386019
-1.297718260426124
141.0
174.0
0.8842661644725572
-0.8824162842575032
142.0
175.0
1.684594603707925
-1.6765141132904644
143.0
144.0
0.3578175834168236
-0.3578175834168236
143.0
148.0
2.011600435706087
-2.0065657083499246
145.0
180.0
2.9247693038350917
-2.919421697854309
151.0
170.0
1.7212538087542
-1.714631967135963
153.0
183.0
0.9698055352417204
-0.9642700861265325
155.0
156.0
1.1446088836965862
-1.139246017518389
159.0
117.0
-5.510585082937211
5.510585082937211
160.0
124.0
0.27595651136212285
-0.27556878527581036
163.0
137.0
1.6122088406796322
-1.6091234488883253
164.0
155.0
2.1222279467808076
-2.1170174952856486
182.0
139.0
-0.9579895445114088
0.959950817871531
189.0
210.0
-0.1942561396165007
0.1942561396165007
193.0
196.0
-0.2712164806077414
0.27121648060774145
195.0
212.0
0.6467845706494297
-0.6464077465696225
200.0
248.0
-0.0720433394694636
0.07204333946946362
201.0
69.0
-0.47091495534823685
0.4709149553482369
202.0
211.0
-0.26608387923271226
0.26608387923271226
204.0
2040.0
-0.41511991806583803
0.41861801348972877
209.0
198.0
-0.494069984744518
0.4999690468266736
211.0
212.0
-1.2427155454290495
1.2474900345910171
218.0
219.0
-0.7049515280201538
0.7066132686474852
223.0
224.0
-0.44451141637373853
0.4448531006782777
229.0
230.0
-3.650544112410899
3.663133696098137
234.0
236.0
-6.633177034344536
6.658915830888021
238.0
239.0
-5.841976233124747
5.858053791981895
196.0
2040.0
0.42154208727350745
-0.4215201016991877
119.0
1190.0
1.073698196281628
-1.0709610719050413
120.0
1200.0
-0.9288888480292408
0.9288888480292408
7002.0
2.0
5.5835559723281705
-5.555458408692521
7003.0
3.0
11.420091723286165
-11.420091723286165
7061.0
61.0
3.759099271902246
-3.759099271902246
7062.0
62.0
3.609004989797545
-3.609004989797545
7166.0
166.0
4.916683357831496
-4.916683357831496
7024.0
24.0
3.8454715518207307
-3.8454715518207307
7001.0
1.0
4.358074594663422
-4.358074594663421
7130.0
130.0
12.233918346678475
-12.233918346678475
7011.0
11.0
2.2492838384581164
-2.2492838384581164
7023.0
23.0
1.663809420487278
-1.6638094204872782
7049.0
49.0
0.7286622875776069
-0.7286622875776069
7139.0
139.0
7.167932511219929
-7.16793251121993
7012.0
12.0
3.555774134540388
-3.5557741345403877
7017.0
17.0
3.65653980233901
-3.6565398023390094
7039.0
39.0
4.982963018342955
-4.982963018342955
7057.0
57.0
1.5133554532095363
-1.5133554532095363
7044.0
44.0
0.3761490077284072
-0.3761490077284072
7055.0
55.0
0.4513466014040442
-0.4513466014040442
7071.0
71.0
1.3166904390445162
-1.3166904390445162
