39.0
1.0
46.0
1.0
1.0
97.6
44.2
0.0
0.0
2.0
1.0
0.0
0.0
0.0
0.0
3.0
1.0
322.0
2.4
0.0
0.0
4.0
1.0
500.0
184.0
0.0
0.0
5.0
1.0
0.0
0.0
0.0
0.0
6.0
1.0
0.0
0.0
0.0
0.0
7.0
1.0
233.8
84.0
0.0
0.0
8.0
1.0
522.0
176.6
0.0
0.0
9.0
1.0
6.5
-66.6
0.0
0.0
10.0
1.0
0.0
0.0
0.0
0.0
11.0
1.0
0.0
0.0
0.0
0.0
12.0
1.0
8.53
88.0
0.0
0.0
13.0
1.0
0.0
0.0
0.0
0.0
14.0
1.0
0.0
0.0
0.0
0.0
15.0
1.0
320.0
153.0
0.0
0.0
16.0
1.0
329.0
32.3
0.0
0.0
17.0
1.0
0.0
0.0
0.0
0.0
18.0
1.0
158.0
30.0
0.0
0.0
19.0
1.0
0.0
0.0
0.0
0.0
20.0
1.0
680.0
103.0
0.0
0.0
21.0
1.0
274.0
115.0
0.0
0.0
22.0
1.0
0.0
0.0
0.0
0.0
23.0
1.0
247.5
84.6
0.0
0.0
24.0
1.0
308.6
-92.2
0.0
0.0
25.0
1.0
224.0
47.2
0.0
0.0
26.0
1.0
139.0
17.0
0.0
0.0
27.0
1.0
281.0
75.5
0.0
0.0
28.0
1.0
206.0
27.6
0.0
0.0
29.0
1.0
283.5
26.9
0.0
0.0
30.0
2.0
0.0
0.0
832.0
673.1207304999098
31.0
3.0
9.2
4.6
516.8000000000001
645.9999962863125
32.0
2.0
0.0
0.0
580.0
672.6843026273565
33.0
2.0
0.0
0.0
521.6
651.9999789307573
34.0
2.0
0.0
0.0
406.40000000000003
507.99999922165864
35.0
2.0
0.0
0.0
549.6
662.9847144267832
36.0
2.0
0.0
0.0
464.0
579.9999985187789
37.0
2.0
0.0
0.0
451.20000000000005
563.9999987013521
38.0
2.0
0.0
0.0
692.0
655.4868100573207
39.0
2.0
1104.0
250.0
880.0
691.1940022728476
1.0
2.0
-3.676448132167613
3.7202549118530186
1.0
39.0
2.6993811227701534
-2.6926521610549385
2.0
3.0
4.55131142601833
-4.526930353505675
2.0
25.0
-1.5403590412185255
1.5574594419390093
2.0
30.0
-6.899487485890214
6.899487485890214
3.0
4.0
1.28703464578439
-1.284836551049291
3.0
18.0
0.025380292397730906
-0.02537962995602422
4.0
5.0
-1.0716055421046566
1.07274975161442
4.0
14.0
-2.650646564380844
2.6561201636919103
5.0
6.0
-5.143317934255158
5.1484355482771385
5.0
8.0
4.070568181576483
-4.058007880513171
6.0
7.0
5.05286045337443
-5.0381625574284605
6.0
11.0
-3.833428904865923
3.8429303196232314
6.0
31.0
-6.813617797917145
6.813617797917145
7.0
8.0
2.6998774030830677
-2.6971431560289902
8.0
9.0
1.530462527646259
-1.5243392912047782
9.0
39.0
1.4590705740438639
-1.4566692399277363
10.0
11.0
3.8446966391711492
-3.8390999041172766
10.0
13.0
2.8821463689849494
-2.878746909593827
10.0
32.0
-7.197722019182197
7.197722019182197
12.0
11.0
0.009618954629851788
-0.00948707132218949
12.0
13.0
-0.08480200649538672
0.08493537801200948
13.0
14.0
2.7887210434195873
-2.7819434698650753
14.0
15.0
0.12582330763179186
-0.12550674184571506
15.0
16.0
-3.078558225355579
3.0870789779297607
16.0
17.0
2.354526677457783
-2.3509309755701437
16.0
19.0
-4.697534968967522
4.729816527464331
16.0
21.0
-3.4822796717678184
3.491297349810525
16.0
24.0
-0.5529444684894964
0.5531843595772101
17.0
18.0
1.5594136096931615
-1.557851876228824
17.0
27.0
0.7915173663487877
-0.7907542266554564
19.0
20.0
2.0987061529281825
-2.0817886524981244
19.0
33.0
-6.689472931190261
6.730462850474854
20.0
34.0
-5.076609111055068
5.100117999692712
21.0
22.0
-6.234659486410784
6.263420432804463
22.0
23.0
0.36642671120484066
-0.36601904002289226
22.0
35.0
-6.795593322814351
6.79559332281435
23.0
24.0
3.6727348395098156
-3.6459297236426305
23.0
36.0
-5.78486597629917
5.799999985143058
25.0
26.0
1.8222630496869339
-1.81275621134297
25.0
37.0
-5.732084591167802
5.751360527348053
26.0
27.0
2.02850074146418
-2.022849443407194
26.0
28.0
-0.554834871258971
0.5561102079668935
26.0
29.0
-1.0531201100670096
1.0590456193715105
28.0
29.0
-2.6166295729118283
2.6254810778111897
29.0
38.0
-6.5962714868037
6.6329814490943315
