6.0
1.0
11.0
1.0
3.0
0.0
0.0
160.0
78.46225379904774
2.0
2.0
0.0
0.0
120.0
68.50671367853147
3.0
2.0
0.0
0.0
144.0
70.08880906016847
4.0
1.0
70.0
70.0
0.0
0.0
5.0
1.0
70.0
70.0
0.0
0.0
6.0
1.0
70.0
70.0
0.0
0.0
1.0
2.0
0.15932927402932798
-0.15650102087616238
1.0
4.0
0.34353848325861547
-0.3354217585592266
1.0
5.0
0.28175478070335896
-0.27412535383103853
2.0
3.0
0.0035324243699898644
-0.0032068109907767406
2.0
4.0
0.4146564155449988
-0.3978907195981873
2.0
5.0
0.17286320527087373
-0.16748029644176846
2.0
6.0
0.2505161124762881
-0.2450060935963229
3.0
5.0
0.230560390957599
-0.21870227807345025
3.0
6.0
0.4735345106348956
-0.4630706046970374
4.0
5.0
0.03232006483345768
-0.03209158115322149
5.0
6.0
-0.008212518168190516
0.008603188100786495
