9.0
1.0
9.0
1.0
3.0
0.0
0.0
200.0
89.916604265956
2.0
2.0
0.0
0.0
240.0
134.70913301495096
3.0
2.0
0.0
0.0
216.0
94.46769797353777
4.0
1.0
0.0
0.0
0.0
0.0
5.0
1.0
90.0
30.0
0.0
0.0
6.0
1.0
0.0
0.0
0.0
0.0
7.0
1.0
100.0
35.0
0.0
0.0
8.0
1.0
0.0
0.0
0.0
0.0
9.0
1.0
125.0
50.0
0.0
0.0
1.0
4.0
0.8991660405555795
-0.8991660405555795
4.0
5.0
0.34660671932740333
-0.344774763452177
5.0
6.0
-0.5560121281245649
0.5667802565409342
3.0
6.0
0.9446769796710867
-0.9446769796710868
6.0
7.0
0.3778967230745017
-0.3761754222970566
7.0
8.0
-0.6239465445833594
0.6267878808564186
8.0
2.0
-1.347091327996376
1.347091327996376
8.0
9.0
0.7203034472196383
-0.7056228759766314
9.0
4.0
-0.5495445680150436
0.5525593213315648
