89.0
1.0
210.0
89.0
1.0
0.0
0.0
0.0
0.0
228.0
1.0
-23.43
57.4
0.0
0.0
271.0
1.0
96.7
26.8
0.0
0.0
317.0
1.0
-0.0
-0.0
0.0
0.0
659.0
1.0
-0.0
-0.0
0.0
0.0
792.0
1.0
295.3
41.9
0.0
0.0
913.0
3.0
0.0
0.0
1360.0
1684.043806462916
955.0
1.0
244.2
152.7
0.0
0.0
1037.0
1.0
-0.0
0.0
0.0
0.0
1163.0
1.0
-0.0
-0.0
0.0
0.0
1317.0
1.0
149.3
-2.0
0.0
0.0
1367.0
1.0
0.0
-0.0
0.0
0.0
1445.0
1.0
238.4
210.9
0.0
0.0
1531.0
1.0
-0.0
0.0
0.0
0.0
1579.0
1.0
-0.0
0.0
0.0
0.0
1611.0
1.0
274.1
166.5
0.0
0.0
1616.0
1.0
0.0
0.0
0.0
0.0
1676.0
1.0
-0.0
0.0
0.0
0.0
1815.0
1.0
63.66
9.7
0.0
0.0
1968.0
1.0
118.4
137.0
0.0
0.0
2107.0
2.0
0.0
0.0
1200.0
1207.1480643815837
2154.0
1.0
-357.45
33.05
0.0
0.0
2168.0
1.0
8.6
-1.48
0.0
0.0
2267.0
2.0
0.0
0.0
400.0
166.6712062899877
2268.0
1.0
0.0
-0.0
0.0
0.0
2299.0
1.0
402.1
110.2
0.0
0.0
2441.0
1.0
0.0
-0.0
0.0
0.0
2449.0
1.0
301.9
-103.2
0.0
0.0
2520.0
1.0
-0.0
-0.0
0.0
0.0
2870.0
1.0
-0.0
0.0
0.0
0.0
2908.0
1.0
203.8
61.0
0.0
0.0
3097.0
1.0
361.91
3.66
0.0
0.0
3242.0
1.0
296.1
82.3
0.0
0.0
3279.0
1.0
0.0
0.0
0.0
0.0
3493.0
1.0
226.3
61.1
0.0
0.0
3506.0
1.0
0.0
0.0
0.0
0.0
3659.0
2.0
0.0
0.0
1600.0
666.6781537860015
4014.0
1.0
0.0
0.0
0.0
0.0
4423.0
1.0
-0.0
-0.0
0.0
0.0
4427.0
1.0
296.8
77.7
0.0
0.0
4495.0
1.0
336.3
104.4
0.0
0.0
4586.0
2.0
0.0
0.0
80.0
48.170653268312044
4665.0
1.0
390.5
62.5
0.0
0.0
4929.0
1.0
37.0
8.7
0.0
0.0
5097.0
2.0
0.0
0.0
16.984
21.22580319537396
5155.0
1.0
411.3
168.0
0.0
0.0
5210.0
1.0
347.61
74.37
0.0
0.0
5416.0
1.0
0.0
0.0
0.0
0.0
5509.0
1.0
0.0
0.0
0.0
0.0
5587.0
1.0
-0.0
-0.0
0.0
0.0
5762.0
1.0
0.0
0.0
0.0
0.0
5776.0
1.0
222.7
80.5
0.0
0.0
5848.0
1.0
0.0
-0.0
0.0
0.0
5996.0
1.0
-0.0
-0.0
0.0
0.0
6069.0
1.0
-456.66
-131.97
0.0
0.0
6233.0
2.0
0.0
0.0
960.0
525.3903409161545
6293.0
1.0
-0.0
0.0
0.0
0.0
6542.0
1.0
355.98
-147.98
0.0
0.0
6704.0
1.0
-0.0
-0.0
0.0
0.0
6798.0
2.0
0.0
0.0
800.0
334.68000959247036
6826.0
1.0
326.9
-82.3
0.0
0.0
6833.0
1.0
0.0
0.0
0.0
0.0
7051.0
1.0
0.0
0.0
0.0
0.0
7180.0
1.0
-0.0
0.0
0.0
0.0
7279.0
2.0
0.0
0.0
80.0
99.99709117604372
7526.0
1.0
-179.73
-63.08
0.0
0.0
7563.0
1.0
531.7
-12.8
0.0
0.0
7637.0
1.0
0.0
0.0
0.0
0.0
7762.0
1.0
-0.0
0.0
0.0
0.0
7829.0
1.0
-114.36
30.04
0.0
0.0
7960.0
2.0
0.0
0.0
480.0
234.31618153431413
8103.0
1.0
39.34
-10.7
0.0
0.0
8179.0
1.0
-0.0
0.0
0.0
0.0
8181.0
1.0
0.0
-0.0
0.0
0.0
8229.0
1.0
0.0
0.0
0.0
0.0
8329.0
1.0
0.0
0.0
0.0
0.0
8335.0
1.0
637.92
139.57
0.0
0.0
8420.0
1.0
-0.0
0.0
0.0
0.0
8574.0
1.0
-0.0
0.0
0.0
0.0
8581.0
1.0
-1299.13
-140.85
0.0
0.0
8605.0
2.0
0.0
0.0
480.0
599.9945784365477
8847.0
1.0
-0.0
0.0
0.0
0.0
8921.0
1.0
0.0
0.0
0.0
0.0
8964.0
1.0
925.91
147.97
0.0
0.0
9024.0
1.0
0.0
0.0
0.0
0.0
9025.0
1.0
0.0
-0.0
0.0
0.0
9064.0
1.0
0.0
-0.0
0.0
0.0
9192.0
1.0
17.92
23.3
0.0
0.0
9239.0
2.0
0.0
0.0
480.0
234.24389345130172
3097.0
659.0
-3.616959265763752
3.6254534267653153
9024.0
4929.0
-2.3614281169752203
2.371217895060178
1815.0
6542.0
0.7243174203236065
-0.7159564038370969
6542.0
1445.0
-0.4892071195372147
0.504544078814682
6069.0
6833.0
2.7871456490185254
-2.781411013443097
6069.0
2268.0
-2.0493057100740373
2.056684454865218
6069.0
7180.0
2.6738226428877336
-2.6697978616422757
6069.0
6293.0
-2.993540050449636
3.0027148488386257
1968.0
9192.0
-1.2840553850712486
1.2845049383484093
1968.0
3493.0
-0.010257328236275712
0.010335614142063004
1968.0
955.0
0.00401433571601785
-0.0028499967944790663
1968.0
228.0
-0.017908206680693012
0.018178790163399787
1968.0
6826.0
-0.5247645852766208
0.5384810544196473
1968.0
8964.0
2.873854993647772
-2.853099044531985
1968.0
5776.0
-0.026220418238951968
0.026993606881457282
9192.0
955.0
0.011051508927785548
-0.010793282783461977
9192.0
6826.0
-0.07308586062695
0.07502645659333382
9192.0
8964.0
0.5581710362399279
-0.5524526236725392
8574.0
1616.0
-1.3182240912435406
1.3189442879731996
8574.0
1163.0
-0.15493910117042528
0.15629251881466832
8574.0
9064.0
-1.3443919499099126
1.345120134368774
8574.0
8921.0
-2.0561508788486083
2.0578320583858356
3493.0
2299.0
0.08588131539059751
-0.08581696005068644
2299.0
4423.0
-1.7578545549824964
1.7578545549824962
6826.0
2299.0
6.528571579123911E-4
-6.449976062292769E-4
7563.0
2299.0
-0.020434081715997237
0.0205328295494285
4427.0
2299.0
-0.04316034707898169
0.04330941379048135
8335.0
2299.0
-0.003570687990422064
0.003603484878348547
5155.0
2299.0
-0.006670904382616242
0.006687201082806486
271.0
2299.0
0.15290193007102895
-0.15211397062048504
2449.0
2299.0
0.00642314441538453
-0.006188757790861362
4665.0
2299.0
-0.6578238382403765
0.6602869355680566
4495.0
2299.0
-0.04070717896361317
0.04075223965271213
3493.0
5587.0
-3.1454235532501365
3.145423553250136
4586.0
3493.0
0.06512307417451403
-0.06509249402448576
228.0
3493.0
0.40488451917752744
-0.4010574020476891
6826.0
3493.0
-0.008495030982404433
0.00865369941055104
7563.0
3493.0
-0.018581683041004174
0.01873230967674482
4427.0
3493.0
-0.12775225546948854
0.12869269393426222
8335.0
3493.0
-0.005443020286257012
0.005512546937136916
5155.0
3493.0
-0.2661376638017349
0.26772747733249347
271.0
3493.0
0.0010546241508276259
-0.001053139596610463
5776.0
3493.0
-3.701425768687862E-4
4.501761998074482E-4
2449.0
3493.0
0.002925550381807286
-0.002734248259798175
4665.0
3493.0
-0.03747140528215753
0.037814858196278174
4495.0
3493.0
-0.7898796224271959
0.7939658338796891
5587.0
4586.0
-1.0829517671150348
1.0864088535262981
4423.0
4586.0
-1.7578545535980337
1.766095280118711
4929.0
2870.0
1.7448567817923526E-9
-6.620610093141521E-14
4929.0
659.0
-1.8937042732239917
1.8965768217045091
4929.0
1037.0
1.3730779787907849E-9
-3.131761343311279E-14
4929.0
659.0
-2.211980030886018
2.2163031115352196
1815.0
5210.0
-0.002978879100970126
0.0030148604140137663
1815.0
1445.0
-4.293791040609479E-4
0.0011497865813916777
1616.0
7762.0
-4.012195895838813
4.0192153633987475
1616.0
2520.0
2.693251588600055
-2.6896683137708615
9064.0
7762.0
-3.8480419276093984
3.852478169534402
9064.0
89.0
2.5029217682356135
-2.4992419822547447
1317.0
659.0
-2.061834880300407
2.0662011639606477
1317.0
8605.0
0.5700206732305116
-0.5666062669078503
8605.0
1367.0
2.890405090131321
-2.8900640237781174
8605.0
8921.0
3.676146905586196
-3.662764754579936
1163.0
1676.0
1.0922293933641933
-1.0921643675460588
1163.0
7051.0
-1.2485219424736558
1.2496249176938268
913.0
7762.0
8.202171540573675
-8.169609787643106
2107.0
7762.0
9.605654925544359
-9.560540001422268
2107.0
5996.0
-2.9030663425458063
2.9044089579733177
2107.0
6293.0
5.368889256074568
-5.314662932275494
913.0
7762.0
8.638271233108743
-8.599347115497343
6704.0
8921.0
-1.604237773623701
1.6049327379042466
228.0
4586.0
0.8382502477335753
-0.8354947361375211
2441.0
6293.0
-2.3104508216958397
2.3119481259341432
955.0
3506.0
-2.771575568573446
2.771575568573446
955.0
8964.0
0.3410254894875467
-0.33822298206226936
3506.0
2908.0
-0.46585378978390846
0.4684767092769768
228.0
6826.0
0.04968233288222396
-0.049368263641013516
228.0
5776.0
0.013212454967387587
-0.013043390672681775
8964.0
6826.0
-0.1838173233193564
0.1926927619442637
5776.0
6826.0
0.20960406481058766
-0.2094321517263944
659.0
8329.0
3.232520781412379
-3.2285207010722425
659.0
7051.0
3.9234099938601004
-3.8986440131251086
659.0
9239.0
-2.3417506373873853
2.3424389712537423
659.0
7960.0
-2.3424732744463355
2.343161853991978
659.0
6233.0
-1.7667270796077288
1.767248825656566
659.0
5416.0
-9.733347845220841
9.802376224827432
659.0
6798.0
-3.344974986352674
3.346800777401727
792.0
3279.0
-2.56142651243083
2.56142651243083
7563.0
792.0
-0.0073211157387357475
0.007427716412001542
7279.0
792.0
-0.010861935699751404
0.010889429221321054
8335.0
792.0
-0.3897079655663572
0.392096164010565
2449.0
792.0
-0.05347382806017349
0.0548334813859406
4665.0
792.0
-0.023353327777077878
0.023717747967119753
4495.0
792.0
-0.018736737204831395
0.0189191243996201
5416.0
2267.0
3.0350040445892104
-3.0328816312641567
5416.0
7637.0
-12.83738026983365
12.979023572356972
8964.0
2168.0
-2.5772972584697236
2.577297258469724
3659.0
5996.0
3.156125655068268
-3.1539057160612134
5762.0
5996.0
-1.3736841525391341E-15
9.511390192796067E-8
3242.0
5097.0
-0.08778549832720697
0.08778549832720699
7563.0
3242.0
-0.5750248241131153
0.5813473102472253
4427.0
3242.0
-0.0052684100542043704
0.00528957825646958
3242.0
7279.0
0.03770051829280412
-0.03768883633935228
271.0
3242.0
-0.0019134793933276574
0.00191422608281508
3242.0
1611.0
0.005540224082285684
-0.005522754294587158
5097.0
1611.0
0.12447220408178208
-0.12406319551723592
8181.0
8179.0
1.2142809961470742
-1.21381005204634
8181.0
7762.0
-3.5967745327878533
3.602581425695354
9025.0
7762.0
-2.7016707371319684
2.704906303160578
7563.0
4427.0
-0.019669774745023735
0.01972472331822439
7563.0
7279.0
-1.3454948828730695
1.3608710903301409
7563.0
8335.0
-0.014150272972844748
0.014240561734494787
7563.0
5155.0
-0.014107281803640594
0.014113889735171935
7563.0
271.0
-0.04219410928917639
0.04223495840385843
2449.0
7563.0
0.010566044847836673
-0.010315112637806706
4665.0
7563.0
0.05012014139707694
-0.050072379851818366
4495.0
7563.0
0.005542563692210416
-0.005515462180366458
7563.0
1611.0
-0.49342746139126764
0.49869345301651175
4427.0
7279.0
-0.014009828277204303
0.01409596135096166
4427.0
8335.0
0.0011874537707392437
-0.0011827439529927795
4427.0
5155.0
0.018019181730280366
-0.01786709304243527
4427.0
271.0
-0.5022381383428012
0.503807810078391
2449.0
4427.0
0.005231820358070912
-0.005044457948300158
4665.0
4427.0
-0.008945592809103096
0.008980564454057767
4495.0
4427.0
-0.06878133646338021
0.06891639678371976
4427.0
1611.0
-0.006843972345105743
0.006873912997154857
5210.0
1445.0
0.39638978512552
-0.39600685980779143
8179.0
5509.0
2.1924721367743336
-2.1889198821267306
8179.0
7762.0
-2.7241420995257766
2.7292599262849855
7279.0
4014.0
0.0
0.0
8335.0
7279.0
-1.391198930416634
1.4016710812802025
5155.0
7279.0
-0.009562768508258289
0.009598477063396935
271.0
7279.0
-0.005346706018203719
0.005356627409769695
2449.0
7279.0
-0.010440412770025227
0.01134683653241751
4665.0
7279.0
-0.019869288591557368
0.02028854715555931
4495.0
7279.0
-0.008894109415392638
0.008999125915455554
1611.0
7279.0
-0.002310975712537033
0.00235769197434237
5509.0
1579.0
-1.7905162722372592
1.7937626862459863
8335.0
1531.0
-1.8584225820398148
1.858422582039815
5155.0
8335.0
6.548912613504474E-4
-6.54135522962278E-4
2449.0
8335.0
0.19785620783887747
-0.19350788503519034
4665.0
8335.0
-0.006387241924189628
0.006461298941682115
4495.0
8335.0
0.003960049730737894
-0.003930898619893119
7762.0
2268.0
4.051034643979351
-4.0374425354950985
5155.0
271.0
-0.3602090846536557
0.36081799166670436
5155.0
2908.0
0.059930724717424735
-0.05952550453359003
4665.0
5155.0
-0.004509946349568137
0.004512560518234634
4495.0
5155.0
-0.0013608132587333527
0.0013663969288626873
5155.0
1611.0
-0.49950833915824355
0.5015311706095918
271.0
2908.0
0.4773157614324368
-0.47313059842114075
4665.0
271.0
-0.007556699272216609
0.007561015339089939
4495.0
271.0
-0.006485540449508456
0.006521846037960079
271.0
1611.0
-0.18829092657103808
0.18856636135672267
1579.0
5848.0
-1.7937626862519858
1.795150065809556
7051.0
8847.0
2.6490190208533164
-2.647900198774387
5776.0
8229.0
0.0
0.0
317.0
6233.0
-3.4864181053637844
3.4866549104328333
4665.0
2449.0
-0.21714399821402575
0.22067447216533576
2449.0
4495.0
0.19205949369276415
-0.18897580398354705
4665.0
4495.0
-0.2593621762812519
0.2598937576379362
1611.0
8420.0
-3.80572892020326
3.8057289202032596
9024.0
6542.0
1.1451941756629544
-1.144326408848245
9024.0
6542.0
1.2047828823713642
-1.203756019164724
6069.0
9192.0
1.8118660282974755
-1.8091709259100193
6069.0
1968.0
1.9677745049211697
-1.9647906813586984
7829.0
1968.0
0.01827360956956629
-0.01809110161518508
8574.0
2299.0
2.547765411025619
-2.543745911284604
8574.0
5587.0
1.9432721162915825
-1.9409348829967425
4929.0
1815.0
1.3582376651072947
-1.3567884246272661
1815.0
792.0
0.0031387369892088316
-0.0031194162652811662
6704.0
4586.0
1.4587313069769225
-1.4570535232449464
2441.0
3506.0
2.1893556297346723
-2.1872919382344755
1367.0
6826.0
2.6438339298417644
-2.6382250463288344
1676.0
228.0
1.0001260660944082
-0.9990433354318426
7829.0
6826.0
0.9247109908947801
-0.9240866436236991
659.0
3279.0
2.5278764486193026
-2.522737654978021
5210.0
792.0
0.36304933378887827
-0.36203076657053257
1445.0
792.0
0.5326581585374305
-0.5320859066248149
7180.0
2168.0
2.4408222315057064
-2.436574615776151
6833.0
8964.0
2.472250346718129
-2.4678448112959903
3659.0
3242.0
3.2201152533079194
-3.2144193120738005
8181.0
4427.0
2.1803267149445094
-2.177464097762398
9025.0
7563.0
2.508680143107624
-2.5048384822721985
2267.0
5210.0
4.534477800989578
-4.5267275091674515
5210.0
7279.0
0.031667941829211135
-0.031451195933577626
5210.0
8335.0
0.30361637075351705
-0.3016283373448391
5210.0
2449.0
0.07670031323604483
-0.07581383881244975
5210.0
4665.0
0.021965131135118523
-0.02131712425029816
5210.0
4495.0
0.01727644707769297
-0.01699130515651127
8179.0
7279.0
1.6038745295103802
-1.6012185477105572
1445.0
7279.0
0.013261993861846795
-0.013174633383358435
5509.0
8335.0
2.0095524414664885
-2.0070174577266657
5509.0
1531.0
1.7933667913314502
-1.791303028671643
1445.0
8335.0
0.13255775370111994
-0.13175903064529879
7762.0
5155.0
2.768945631154534
-2.7644238228181615
7762.0
271.0
2.1920314163620125
-2.1890150447843775
7829.0
5776.0
0.20393871868613894
-0.20295015803503555
8329.0
1445.0
1.5339607580447288
-1.5322586463179788
8329.0
1445.0
1.5671758652474534
-1.5653529403750714
1445.0
2449.0
0.03674806010615199
-0.03619620049671614
1445.0
4665.0
0.010387697701395426
-0.010137339555758717
2268.0
2908.0
1.8353835994496155
-1.8334445614230206
8847.0
5776.0
2.028378634500298
-2.0249198522511236
8847.0
8103.0
0.4044238390308329
-0.40424396349839525
317.0
2449.0
3.2315914491621083
-3.225641126242189
7637.0
8581.0
-13.510510439724804
13.525385025813668
5848.0
7526.0
-1.4626623137836325
1.4628812142096612
89.0
4495.0
2.2811607925885484
-2.2772397500642074
2520.0
4665.0
2.4858337217452453
-2.4813687271341593
5996.0
8420.0
3.4919597401249023
-3.4842529783374476
2154.0
5996.0
3.2834266984590093
-3.282492963523301
